# Constructed from biom file
#OTU ID	SRR17519993	SRR17519994	SRR17519995	SRR17519996	SRR17519997	SRR17519998	SRR17519999	SRR17520000	SRR17520001	SRR17520002	SRR17520003	SRR17520004	SRR17520005	SRR17520006	SRR17520007	SRR17520008	SRR17520009	SRR17520010	SRR17520011	SRR17520012	SRR17520013	SRR17520014	SRR17520015	SRR17520016	SRR17520017	SRR17520018	SRR17520019	SRR17520020	SRR17520021	SRR17520022	SRR17520023	SRR17520024	SRR17520025	SRR17520026	SRR17520027	SRR17520028	SRR17520029	SRR17520030	SRR17520031	SRR17520032	SRR17520033	SRR17520034	SRR17520035	SRR17520036	SRR17520037	SRR17520038	SRR17520039	SRR17520040	SRR17520041	SRR17520042	SRR17520043	SRR17520044	SRR17520045	SRR17520046	SRR17520047	SRR17520048	SRR17520049	SRR17520050	SRR17520051	SRR17520052	SRR17520053	SRR17520054	SRR17520055	SRR17520056	SRR17520057	SRR17520058	SRR17520059	SRR17520060	SRR17520061	SRR17520062	SRR17520063	SRR17520064	SRR17520065	SRR17520066	SRR17520067	SRR17520068
d__Bacteria;p__Proteobacteria;c__Gammaproteobacteria;o__Enterobacterales;f__Enterobacteriaceae;g__Escherichia-Shigella	0.0	0.0	217.0	137.0	317.0	0.0	0.0	148.0	0.0	359.0	0.0	96.0	185.0	31.0	68.0	21.0	47.0	0.0	59.0	16.0	6.0	6.0	91.0	0.0	3.0	13.0	0.0	71.0	212.0	145.0	0.0	3.0	0.0	513.0	16.0	0.0	24.0	4.0	1040.0	0.0	172.0	79.0	177.0	352.0	43.0	877.0	75.0	4.0	405.0	227.0	0.0	0.0	175.0	4.0	3.0	770.0	1067.0	51.0	0.0	62.0	197.0	216.0	12.0	287.0	69.0	11.0	0.0	33.0	122.0	1109.0	0.0	12.0	3420.0	895.0	0.0	7.0
d__Bacteria;p__Firmicutes;c__Clostridia;o__Oscillospirales;f__Ruminococcaceae;g__Faecalibacterium	410.0	384.0	630.0	316.0	153.0	373.0	387.0	471.0	428.0	371.0	204.0	304.0	90.0	286.0	278.0	1871.0	887.0	401.0	140.0	62.0	1780.0	328.0	964.0	31.0	313.0	77.0	365.0	465.0	84.0	5.0	75.0	143.0	1145.0	520.0	353.0	0.0	835.0	434.0	190.0	234.0	824.0	224.0	563.0	425.0	14.0	215.0	295.0	63.0	799.0	139.0	291.0	155.0	23.0	106.0	370.0	212.0	0.0	114.0	429.0	173.0	632.0	93.0	392.0	94.0	526.0	1069.0	65.0	25.0	247.0	0.0	65.0	674.0	20.0	0.0	514.0	473.0
d__Bacteria;p__Bacteroidota;c__Bacteroidia;o__Bacteroidales;f__Bacteroidaceae;g__Bacteroides	605.0	858.0	555.0	581.0	551.0	81.0	545.0	50.0	499.0	290.0	409.0	1046.0	411.0	987.0	283.0	92.0	879.0	458.0	214.0	223.0	7513.0	294.0	3843.0	31.0	146.0	142.0	248.0	342.0	109.0	1332.0	78.0	100.0	197.0	390.0	252.0	0.0	1196.0	230.0	591.0	296.0	1412.0	898.0	132.0	226.0	1096.0	540.0	434.0	2935.0	1360.0	68.0	149.0	72.0	179.0	124.0	449.0	913.0	2422.0	1107.0	388.0	498.0	143.0	66.0	554.0	145.0	1117.0	365.0	623.0	359.0	538.0	14.0	62.0	780.0	2204.0	137.0	414.0	793.0
d__Bacteria;p__Bacteroidota;c__Bacteroidia;o__Bacteroidales;f__Prevotellaceae;g__Prevotella	80.0	0.0	0.0	26.0	92.0	2027.0	1357.0	1259.0	0.0	520.0	110.0	458.0	26.0	0.0	79.0	0.0	332.0	0.0	498.0	7.0	7.0	1082.0	0.0	88.0	314.0	0.0	0.0	273.0	608.0	0.0	12.0	82.0	729.0	740.0	117.0	0.0	0.0	508.0	0.0	74.0	0.0	0.0	1091.0	0.0	287.0	162.0	1271.0	0.0	0.0	436.0	586.0	1200.0	0.0	96.0	611.0	0.0	0.0	0.0	50.0	270.0	147.0	0.0	811.0	3.0	0.0	72.0	0.0	0.0	23.0	14.0	0.0	0.0	0.0	0.0	984.0	96.0
d__Bacteria;p__Firmicutes;c__Clostridia;o__Lachnospirales;f__Lachnospiraceae;g__Blautia	277.0	327.0	18.0	140.0	29.0	76.0	57.0	49.0	51.0	47.0	47.0	41.0	16.0	38.0	83.0	461.0	132.0	91.0	103.0	38.0	892.0	81.0	204.0	12.0	313.0	79.0	170.0	284.0	42.0	226.0	8.0	25.0	357.0	80.0	286.0	0.0	58.0	73.0	115.0	156.0	200.0	295.0	103.0	191.0	38.0	131.0	90.0	77.0	75.0	12.0	139.0	79.0	43.0	37.0	23.0	57.0	917.0	255.0	111.0	72.0	273.0	78.0	73.0	25.0	139.0	536.0	101.0	41.0	118.0	17.0	0.0	156.0	488.0	229.0	192.0	134.0
d__Bacteria;p__Firmicutes;c__Clostridia;o__Lachnospirales;f__Lachnospiraceae;g__Anaerostipes	58.0	75.0	232.0	58.0	62.0	59.0	71.0	32.0	33.0	48.0	26.0	111.0	0.0	53.0	108.0	101.0	14.0	234.0	0.0	0.0	264.0	40.0	368.0	3.0	13.0	18.0	119.0	74.0	0.0	4.0	11.0	13.0	37.0	14.0	53.0	0.0	82.0	0.0	0.0	68.0	240.0	178.0	351.0	42.0	0.0	50.0	13.0	6.0	27.0	9.0	34.0	11.0	52.0	31.0	23.0	51.0	632.0	184.0	71.0	60.0	110.0	98.0	45.0	62.0	58.0	0.0	0.0	2.0	49.0	0.0	0.0	56.0	211.0	85.0	14.0	39.0
d__Bacteria;p__Firmicutes;c__Clostridia;o__Lachnospirales;f__Lachnospiraceae;g__Agathobacter	58.0	166.0	59.0	55.0	85.0	0.0	0.0	0.0	77.0	83.0	9.0	84.0	0.0	79.0	60.0	0.0	134.0	95.0	87.0	0.0	310.0	0.0	201.0	0.0	67.0	36.0	0.0	209.0	0.0	0.0	10.0	39.0	176.0	0.0	87.0	0.0	104.0	0.0	23.0	49.0	277.0	139.0	115.0	0.0	11.0	39.0	101.0	195.0	0.0	0.0	84.0	0.0	19.0	55.0	0.0	0.0	0.0	112.0	113.0	86.0	37.0	0.0	0.0	0.0	0.0	0.0	0.0	0.0	53.0	0.0	0.0	27.0	493.0	0.0	21.0	99.0
d__Bacteria;p__Proteobacteria;c__Gammaproteobacteria;o__Enterobacterales;f__Enterobacteriaceae;__	224.0	0.0	0.0	32.0	118.0	0.0	0.0	172.0	0.0	50.0	0.0	0.0	0.0	309.0	25.0	0.0	0.0	0.0	0.0	0.0	246.0	0.0	3.0	4.0	0.0	0.0	0.0	0.0	138.0	0.0	9.0	0.0	185.0	463.0	54.0	0.0	23.0	7.0	0.0	0.0	25.0	0.0	0.0	13.0	106.0	0.0	0.0	0.0	789.0	0.0	14.0	401.0	6.0	0.0	0.0	31.0	36.0	0.0	155.0	0.0	97.0	34.0	23.0	0.0	0.0	0.0	102.0	97.0	27.0	38.0	0.0	28.0	82.0	256.0	6.0	18.0
d__Bacteria;p__Actinobacteriota;c__Actinobacteria;o__Bifidobacteriales;f__Bifidobacteriaceae;g__Bifidobacterium	156.0	165.0	122.0	44.0	10.0	23.0	7.0	191.0	247.0	31.0	142.0	13.0	0.0	0.0	289.0	0.0	149.0	102.0	219.0	24.0	209.0	51.0	303.0	0.0	410.0	220.0	68.0	185.0	0.0	223.0	24.0	13.0	89.0	35.0	24.0	0.0	45.0	307.0	72.0	0.0	372.0	108.0	66.0	166.0	6.0	178.0	72.0	20.0	17.0	0.0	46.0	42.0	106.0	3.0	81.0	54.0	113.0	112.0	32.0	0.0	2.0	75.0	25.0	71.0	250.0	197.0	0.0	17.0	38.0	217.0	9.0	115.0	200.0	121.0	41.0	126.0
d__Bacteria;__;__;__;__;__	0.0	0.0	0.0	547.0	0.0	0.0	0.0	0.0	0.0	0.0	0.0	0.0	0.0	2.0	0.0	671.0	184.0	0.0	192.0	161.0	0.0	0.0	0.0	0.0	0.0	0.0	332.0	0.0	0.0	0.0	0.0	0.0	0.0	0.0	0.0	0.0	0.0	0.0	0.0	4.0	0.0	0.0	0.0	0.0	0.0	0.0	0.0	0.0	0.0	0.0	0.0	0.0	0.0	0.0	0.0	0.0	0.0	0.0	0.0	0.0	0.0	0.0	0.0	0.0	420.0	0.0	0.0	0.0	458.0	0.0	206.0	0.0	225.0	0.0	0.0	0.0
d__Bacteria;p__Firmicutes;c__Clostridia;o__Oscillospirales;f__Ruminococcaceae;g__Subdoligranulum	58.0	319.0	0.0	59.0	0.0	31.0	21.0	54.0	71.0	27.0	98.0	46.0	7.0	0.0	40.0	429.0	88.0	0.0	8.0	0.0	179.0	78.0	179.0	7.0	108.0	31.0	0.0	119.0	25.0	0.0	30.0	0.0	97.0	26.0	81.0	0.0	93.0	82.0	25.0	23.0	208.0	84.0	57.0	59.0	0.0	92.0	12.0	0.0	56.0	33.0	74.0	0.0	24.0	27.0	25.0	23.0	0.0	0.0	125.0	13.0	158.0	21.0	69.0	14.0	109.0	0.0	4.0	49.0	40.0	0.0	0.0	80.0	241.0	0.0	110.0	45.0
d__Bacteria;p__Bacteroidota;c__Bacteroidia;o__Bacteroidales;f__Tannerellaceae;g__Parabacteroides	51.0	51.0	0.0	40.0	22.0	33.0	31.0	27.0	44.0	48.0	38.0	0.0	27.0	71.0	12.0	0.0	42.0	0.0	29.0	15.0	32.0	79.0	470.0	7.0	72.0	13.0	23.0	43.0	5.0	235.0	0.0	0.0	43.0	28.0	104.0	0.0	38.0	69.0	0.0	38.0	206.0	50.0	26.0	14.0	452.0	156.0	109.0	228.0	130.0	60.0	26.0	0.0	7.0	37.0	98.0	210.0	0.0	143.0	174.0	78.0	12.0	0.0	115.0	10.0	104.0	10.0	100.0	164.0	91.0	78.0	7.0	84.0	135.0	0.0	180.0	72.0
d__Bacteria;p__Firmicutes;c__Clostridia;o__Lachnospirales;f__Lachnospiraceae;g__Fusicatenibacter	148.0	95.0	49.0	80.0	0.0	12.0	11.0	9.0	15.0	0.0	21.0	40.0	0.0	0.0	18.0	90.0	26.0	24.0	0.0	0.0	85.0	26.0	72.0	0.0	73.0	28.0	56.0	49.0	0.0	0.0	10.0	32.0	31.0	23.0	116.0	0.0	60.0	13.0	45.0	51.0	101.0	63.0	32.0	94.0	0.0	37.0	26.0	0.0	18.0	0.0	14.0	8.0	11.0	0.0	5.0	26.0	0.0	59.0	48.0	0.0	76.0	0.0	23.0	0.0	49.0	84.0	16.0	0.0	36.0	0.0	14.0	163.0	40.0	0.0	28.0	59.0
d__Bacteria;p__Firmicutes;c__Clostridia;o__Lachnospirales;f__Lachnospiraceae;g__Dorea	78.0	26.0	55.0	48.0	0.0	25.0	24.0	67.0	0.0	12.0	23.0	0.0	45.0	16.0	30.0	52.0	38.0	9.0	96.0	0.0	359.0	35.0	81.0	0.0	199.0	17.0	15.0	74.0	12.0	68.0	23.0	7.0	56.0	28.0	57.0	0.0	8.0	125.0	22.0	59.0	45.0	44.0	71.0	59.0	13.0	36.0	44.0	0.0	20.0	9.0	38.0	0.0	34.0	19.0	0.0	36.0	0.0	61.0	62.0	42.0	94.0	0.0	26.0	8.0	111.0	0.0	10.0	13.0	28.0	0.0	0.0	30.0	481.0	12.0	136.0	42.0
d__Bacteria;p__Firmicutes;c__Bacilli;o__Lactobacillales;f__Streptococcaceae;g__Streptococcus	9.0	0.0	9.0	32.0	0.0	3.0	0.0	25.0	0.0	0.0	106.0	0.0	0.0	267.0	0.0	6.0	588.0	0.0	33.0	0.0	106.0	0.0	55.0	0.0	49.0	4.0	0.0	18.0	135.0	16.0	5.0	29.0	111.0	13.0	3.0	0.0	15.0	19.0	0.0	0.0	29.0	7.0	0.0	223.0	0.0	0.0	4.0	0.0	113.0	0.0	156.0	245.0	0.0	0.0	0.0	0.0	0.0	17.0	12.0	11.0	5.0	0.0	0.0	0.0	0.0	14.0	0.0	0.0	23.0	8.0	0.0	27.0	108.0	0.0	145.0	0.0
d__Bacteria;p__Firmicutes;c__Clostridia;o__Lachnospirales;f__Lachnospiraceae;__	51.0	29.0	34.0	53.0	35.0	192.0	186.0	117.0	39.0	181.0	88.0	34.0	102.0	92.0	42.0	68.0	84.0	11.0	27.0	7.0	205.0	204.0	109.0	19.0	87.0	4.0	42.0	182.0	61.0	758.0	15.0	23.0	62.0	207.0	216.0	0.0	165.0	116.0	65.0	21.0	96.0	83.0	76.0	23.0	161.0	57.0	125.0	62.0	246.0	143.0	49.0	37.0	0.0	10.0	156.0	48.0	1126.0	145.0	203.0	83.0	224.0	50.0	346.0	13.0	52.0	10.0	50.0	40.0	38.0	0.0	0.0	97.0	1053.0	95.0	53.0	23.0
d__Bacteria;p__Firmicutes;c__Clostridia;o__Oscillospirales;f__Ruminococcaceae;__	21.0	0.0	0.0	28.0	0.0	0.0	0.0	7.0	37.0	9.0	41.0	29.0	0.0	7.0	40.0	159.0	43.0	0.0	0.0	13.0	67.0	20.0	178.0	0.0	69.0	84.0	29.0	97.0	0.0	0.0	28.0	0.0	0.0	0.0	31.0	0.0	33.0	0.0	116.0	0.0	66.0	0.0	36.0	103.0	0.0	0.0	0.0	34.0	0.0	0.0	41.0	0.0	0.0	0.0	45.0	147.0	0.0	2.0	29.0	0.0	19.0	28.0	29.0	23.0	117.0	0.0	11.0	0.0	0.0	0.0	0.0	0.0	0.0	0.0	0.0	158.0
d__Bacteria;p__Firmicutes;c__Clostridia;o__Lachnospirales;f__Lachnospiraceae;g__[Ruminococcus]_torques_group	62.0	98.0	0.0	31.0	148.0	0.0	0.0	31.0	7.0	26.0	0.0	0.0	79.0	7.0	5.0	19.0	64.0	7.0	0.0	0.0	7.0	30.0	51.0	0.0	118.0	15.0	15.0	8.0	0.0	65.0	11.0	22.0	25.0	41.0	0.0	0.0	37.0	12.0	0.0	43.0	31.0	21.0	55.0	17.0	32.0	0.0	18.0	0.0	12.0	12.0	33.0	0.0	27.0	16.0	0.0	45.0	56.0	7.0	181.0	0.0	21.0	0.0	0.0	0.0	27.0	0.0	106.0	0.0	18.0	103.0	0.0	50.0	463.0	29.0	30.0	74.0
d__Bacteria;p__Firmicutes;c__Clostridia;o__Lachnospirales;f__Lachnospiraceae;g__[Eubacterium]_hallii_group	121.0	95.0	17.0	42.0	7.0	19.0	30.0	20.0	48.0	25.0	12.0	0.0	10.0	17.0	46.0	113.0	16.0	52.0	14.0	13.0	61.0	49.0	151.0	0.0	128.0	28.0	122.0	86.0	7.0	51.0	12.0	6.0	16.0	22.0	61.0	0.0	59.0	20.0	0.0	32.0	86.0	107.0	132.0	79.0	0.0	113.0	54.0	7.0	0.0	32.0	24.0	11.0	26.0	23.0	50.0	23.0	26.0	138.0	83.0	35.0	140.0	54.0	40.0	14.0	67.0	0.0	71.0	45.0	54.0	0.0	0.0	43.0	145.0	0.0	62.0	81.0
d__Bacteria;p__Firmicutes;c__Bacilli;o__Lactobacillales;f__Lactobacillaceae;g__Lactobacillus	0.0	14.0	0.0	0.0	0.0	0.0	0.0	0.0	0.0	0.0	0.0	56.0	0.0	15.0	9.0	0.0	59.0	0.0	0.0	0.0	134.0	20.0	3.0	0.0	489.0	3.0	74.0	13.0	0.0	0.0	0.0	5.0	81.0	0.0	0.0	0.0	0.0	625.0	16.0	0.0	32.0	11.0	146.0	13.0	5.0	16.0	0.0	0.0	258.0	128.0	8.0	155.0	0.0	6.0	4.0	9.0	0.0	8.0	5.0	0.0	16.0	0.0	35.0	0.0	33.0	24.0	635.0	0.0	5.0	20.0	0.0	0.0	2.0	0.0	94.0	4.0
d__Bacteria;p__Bacteroidota;c__Bacteroidia;o__Bacteroidales;f__Rikenellaceae;g__Alistipes	12.0	17.0	0.0	32.0	34.0	34.0	32.0	10.0	225.0	54.0	28.0	24.0	17.0	185.0	25.0	0.0	58.0	0.0	0.0	0.0	3.0	7.0	191.0	0.0	51.0	19.0	35.0	37.0	9.0	23.0	7.0	5.0	10.0	111.0	8.0	0.0	53.0	14.0	0.0	25.0	90.0	71.0	2.0	27.0	7.0	61.0	149.0	0.0	16.0	0.0	4.0	0.0	4.0	46.0	46.0	48.0	0.0	113.0	91.0	26.0	10.0	7.0	277.0	0.0	208.0	0.0	150.0	0.0	29.0	221.0	0.0	24.0	59.0	4.0	80.0	63.0
d__Bacteria;p__Bacteroidota;c__Bacteroidia;o__Bacteroidales;f__Prevotellaceae;g__Alloprevotella	57.0	0.0	0.0	0.0	0.0	94.0	0.0	137.0	0.0	0.0	0.0	0.0	0.0	0.0	0.0	0.0	0.0	0.0	182.0	0.0	1450.0	0.0	0.0	0.0	0.0	0.0	0.0	76.0	0.0	0.0	0.0	32.0	105.0	186.0	26.0	0.0	0.0	62.0	0.0	15.0	0.0	0.0	180.0	0.0	0.0	0.0	0.0	0.0	0.0	60.0	0.0	327.0	0.0	0.0	0.0	0.0	0.0	0.0	0.0	0.0	39.0	0.0	141.0	0.0	0.0	181.0	0.0	0.0	0.0	0.0	0.0	0.0	0.0	0.0	220.0	0.0
d__Bacteria;p__Firmicutes;c__Clostridia;o__Oscillospirales;f__Ruminococcaceae;g__CAG-352	113.0	11.0	92.0	18.0	0.0	0.0	69.0	0.0	0.0	0.0	0.0	0.0	10.0	0.0	0.0	0.0	0.0	0.0	0.0	0.0	0.0	0.0	0.0	0.0	0.0	0.0	0.0	17.0	0.0	0.0	0.0	25.0	142.0	15.0	37.0	0.0	0.0	0.0	0.0	18.0	0.0	90.0	0.0	0.0	0.0	0.0	0.0	0.0	169.0	22.0	0.0	0.0	34.0	0.0	0.0	0.0	0.0	237.0	109.0	0.0	0.0	0.0	4.0	0.0	0.0	0.0	0.0	21.0	30.0	14.0	0.0	40.0	4.0	0.0	0.0	6.0
d__Bacteria;p__Firmicutes;c__Clostridia;o__Lachnospirales;f__Lachnospiraceae;g__[Ruminococcus]_gnavus_group	0.0	0.0	12.0	9.0	23.0	0.0	0.0	0.0	0.0	0.0	0.0	0.0	6.0	0.0	0.0	0.0	0.0	38.0	0.0	0.0	17.0	0.0	0.0	0.0	0.0	0.0	0.0	0.0	0.0	328.0	0.0	0.0	0.0	0.0	0.0	0.0	9.0	0.0	18.0	0.0	0.0	0.0	0.0	0.0	12.0	0.0	0.0	0.0	5.0	0.0	0.0	6.0	0.0	0.0	5.0	0.0	97.0	23.0	77.0	0.0	0.0	0.0	0.0	0.0	0.0	67.0	35.0	0.0	5.0	13.0	0.0	0.0	190.0	10.0	0.0	37.0
d__Bacteria;p__Firmicutes;c__Clostridia;o__Peptostreptococcales-Tissierellales;f__Peptostreptococcaceae;g__Romboutsia	29.0	0.0	0.0	0.0	0.0	0.0	11.0	33.0	5.0	0.0	0.0	0.0	0.0	0.0	24.0	33.0	3.0	0.0	9.0	0.0	0.0	23.0	6.0	0.0	98.0	32.0	16.0	0.0	0.0	485.0	0.0	0.0	21.0	0.0	9.0	0.0	0.0	47.0	0.0	0.0	19.0	0.0	49.0	20.0	0.0	12.0	9.0	0.0	0.0	0.0	0.0	317.0	23.0	9.0	10.0	13.0	0.0	15.0	21.0	5.0	109.0	0.0	0.0	0.0	0.0	32.0	0.0	0.0	0.0	11.0	0.0	0.0	0.0	0.0	0.0	16.0
d__Bacteria;p__Firmicutes;c__Clostridia;o__Oscillospirales;f__Ruminococcaceae;g__Ruminococcus	66.0	48.0	0.0	31.0	0.0	12.0	32.0	34.0	83.0	12.0	28.0	114.0	0.0	4.0	22.0	0.0	83.0	0.0	0.0	7.0	0.0	93.0	0.0	6.0	110.0	6.0	7.0	130.0	19.0	0.0	0.0	13.0	18.0	50.0	115.0	0.0	107.0	57.0	28.0	69.0	164.0	102.0	31.0	49.0	0.0	9.0	13.0	0.0	4.0	0.0	0.0	0.0	0.0	24.0	21.0	0.0	0.0	165.0	267.0	62.0	88.0	10.0	55.0	0.0	0.0	0.0	0.0	25.0	23.0	0.0	0.0	39.0	0.0	0.0	0.0	39.0
d__Bacteria;p__Firmicutes;c__Clostridia;o__Oscillospirales;f__Oscillospiraceae;g__UCG-002	71.0	0.0	0.0	9.0	0.0	24.0	32.0	11.0	29.0	80.0	4.0	4.0	6.0	71.0	18.0	0.0	42.0	0.0	0.0	12.0	0.0	67.0	85.0	0.0	62.0	0.0	0.0	156.0	24.0	0.0	5.0	9.0	11.0	25.0	137.0	0.0	0.0	24.0	10.0	45.0	25.0	28.0	22.0	28.0	0.0	50.0	27.0	0.0	0.0	33.0	4.0	0.0	4.0	83.0	0.0	74.0	0.0	213.0	112.0	82.0	185.0	0.0	64.0	0.0	8.0	0.0	33.0	5.0	15.0	0.0	0.0	5.0	0.0	0.0	91.0	16.0
d__Bacteria;p__Bacteroidota;c__Bacteroidia;o__Bacteroidales;f__Muribaculaceae;g__Muribaculaceae	92.0	0.0	0.0	25.0	0.0	0.0	77.0	52.0	0.0	91.0	0.0	123.0	0.0	47.0	0.0	0.0	0.0	0.0	7.0	0.0	0.0	45.0	42.0	0.0	34.0	0.0	0.0	33.0	12.0	0.0	0.0	19.0	69.0	0.0	32.0	0.0	0.0	85.0	0.0	19.0	0.0	0.0	61.0	0.0	27.0	0.0	0.0	0.0	0.0	44.0	0.0	0.0	0.0	13.0	0.0	0.0	0.0	0.0	11.0	94.0	0.0	0.0	224.0	0.0	0.0	0.0	59.0	0.0	5.0	0.0	0.0	0.0	0.0	0.0	70.0	131.0
d__Bacteria;p__Firmicutes;c__Clostridia;o__Lachnospirales;f__Lachnospiraceae;g__[Ruminococcus]_gauvreauii_group	82.0	0.0	37.0	7.0	0.0	7.0	15.0	0.0	0.0	0.0	0.0	0.0	0.0	0.0	9.0	0.0	6.0	19.0	12.0	0.0	32.0	0.0	55.0	0.0	19.0	0.0	0.0	69.0	0.0	0.0	0.0	11.0	19.0	0.0	46.0	0.0	11.0	11.0	0.0	22.0	20.0	0.0	274.0	12.0	0.0	0.0	0.0	0.0	0.0	0.0	0.0	0.0	0.0	0.0	0.0	0.0	0.0	0.0	0.0	0.0	107.0	11.0	21.0	0.0	0.0	0.0	99.0	0.0	0.0	0.0	0.0	20.0	0.0	7.0	18.0	0.0
d__Bacteria;p__Firmicutes;c__Clostridia;o__Lachnospirales;f__Lachnospiraceae;g__Coprococcus	57.0	102.0	0.0	15.0	0.0	12.0	16.0	64.0	3.0	71.0	0.0	3.0	7.0	4.0	21.0	13.0	13.0	0.0	0.0	0.0	28.0	24.0	27.0	7.0	35.0	16.0	36.0	362.0	37.0	0.0	7.0	0.0	6.0	28.0	62.0	0.0	0.0	74.0	26.0	45.0	373.0	26.0	65.0	97.0	0.0	75.0	26.0	0.0	17.0	12.0	41.0	0.0	11.0	8.0	4.0	6.0	0.0	38.0	100.0	0.0	73.0	22.0	246.0	6.0	0.0	0.0	9.0	0.0	0.0	0.0	0.0	32.0	0.0	0.0	0.0	32.0
d__Bacteria;p__Firmicutes;c__Bacilli;o__Lactobacillales;f__Enterococcaceae;g__Enterococcus	0.0	8.0	9.0	0.0	0.0	0.0	0.0	10.0	0.0	0.0	0.0	0.0	0.0	9.0	0.0	0.0	0.0	0.0	0.0	0.0	0.0	0.0	0.0	0.0	0.0	0.0	0.0	4.0	3.0	0.0	0.0	0.0	130.0	123.0	3.0	0.0	0.0	0.0	8.0	0.0	0.0	8.0	0.0	0.0	0.0	5.0	61.0	0.0	40.0	0.0	326.0	0.0	0.0	3.0	0.0	4.0	36.0	0.0	0.0	0.0	3.0	0.0	0.0	0.0	0.0	8.0	0.0	0.0	0.0	0.0	0.0	0.0	4.0	0.0	0.0	0.0
d__Bacteria;p__Proteobacteria;c__Gammaproteobacteria;o__Burkholderiales;f__Comamonadaceae;__	0.0	0.0	0.0	0.0	0.0	0.0	0.0	0.0	0.0	0.0	0.0	0.0	0.0	0.0	715.0	0.0	0.0	0.0	0.0	0.0	0.0	0.0	0.0	0.0	0.0	0.0	0.0	0.0	0.0	0.0	0.0	0.0	0.0	0.0	0.0	0.0	0.0	0.0	0.0	0.0	0.0	0.0	0.0	0.0	0.0	0.0	0.0	0.0	0.0	0.0	0.0	0.0	0.0	0.0	0.0	0.0	0.0	0.0	0.0	0.0	0.0	0.0	0.0	0.0	0.0	0.0	0.0	0.0	0.0	0.0	0.0	0.0	0.0	0.0	0.0	0.0
d__Bacteria;p__Proteobacteria;c__Gammaproteobacteria;o__Pasteurellales;f__Pasteurellaceae;g__Haemophilus	0.0	0.0	0.0	0.0	0.0	0.0	0.0	22.0	0.0	0.0	12.0	0.0	0.0	31.0	0.0	17.0	17.0	0.0	0.0	0.0	17.0	0.0	0.0	0.0	0.0	0.0	0.0	0.0	5.0	0.0	0.0	0.0	217.0	5.0	0.0	0.0	4.0	0.0	0.0	0.0	11.0	0.0	8.0	0.0	0.0	0.0	0.0	0.0	93.0	0.0	69.0	57.0	0.0	0.0	6.0	0.0	0.0	0.0	0.0	0.0	0.0	0.0	39.0	0.0	0.0	5.0	0.0	0.0	6.0	0.0	0.0	7.0	0.0	0.0	25.0	0.0
d__Bacteria;p__Firmicutes;c__Negativicutes;o__Veillonellales-Selenomonadales;f__Veillonellaceae;g__Dialister	0.0	0.0	40.0	13.0	0.0	84.0	0.0	145.0	38.0	79.0	0.0	45.0	5.0	0.0	0.0	71.0	22.0	8.0	70.0	0.0	0.0	35.0	0.0	0.0	0.0	19.0	33.0	0.0	0.0	0.0	9.0	0.0	166.0	105.0	122.0	0.0	0.0	156.0	12.0	0.0	35.0	0.0	0.0	22.0	0.0	137.0	148.0	0.0	35.0	0.0	70.0	0.0	0.0	43.0	115.0	23.0	0.0	0.0	81.0	0.0	0.0	18.0	0.0	0.0	58.0	403.0	0.0	39.0	19.0	0.0	0.0	60.0	0.0	0.0	0.0	0.0
d__Bacteria;p__Firmicutes;c__Clostridia;o__Lachnospirales;f__Lachnospiraceae;g__Lachnospira	23.0	8.0	43.0	9.0	0.0	13.0	26.0	33.0	7.0	5.0	23.0	15.0	0.0	0.0	0.0	0.0	16.0	14.0	8.0	0.0	15.0	11.0	0.0	15.0	23.0	0.0	0.0	29.0	0.0	0.0	0.0	0.0	77.0	19.0	35.0	0.0	39.0	26.0	0.0	11.0	40.0	0.0	15.0	4.0	0.0	0.0	14.0	0.0	72.0	0.0	7.0	17.0	0.0	0.0	0.0	20.0	0.0	23.0	38.0	11.0	0.0	0.0	19.0	2.0	0.0	0.0	0.0	0.0	9.0	0.0	0.0	23.0	0.0	0.0	15.0	6.0
d__Bacteria;p__Firmicutes;c__Clostridia;o__Lachnospirales;f__Lachnospiraceae;g__Lachnoclostridium	4.0	12.0	59.0	27.0	21.0	23.0	24.0	0.0	0.0	17.0	0.0	0.0	0.0	0.0	9.0	16.0	0.0	0.0	110.0	0.0	73.0	0.0	23.0	0.0	21.0	0.0	0.0	0.0	0.0	14.0	0.0	0.0	13.0	0.0	28.0	0.0	19.0	0.0	0.0	6.0	28.0	15.0	13.0	0.0	139.0	0.0	38.0	29.0	9.0	0.0	14.0	0.0	0.0	0.0	16.0	3.0	74.0	19.0	11.0	0.0	0.0	0.0	16.0	0.0	0.0	33.0	27.0	0.0	0.0	0.0	4.0	16.0	388.0	14.0	6.0	0.0
d__Bacteria;p__Bacteroidota;c__Bacteroidia;o__Bacteroidales;f__Prevotellaceae;g__Paraprevotella	43.0	0.0	0.0	15.0	81.0	12.0	0.0	0.0	76.0	13.0	0.0	0.0	47.0	42.0	0.0	0.0	35.0	0.0	3.0	15.0	290.0	36.0	0.0	5.0	0.0	7.0	0.0	47.0	0.0	0.0	7.0	13.0	39.0	15.0	32.0	0.0	0.0	18.0	0.0	15.0	0.0	0.0	11.0	7.0	0.0	30.0	0.0	0.0	0.0	16.0	39.0	0.0	0.0	0.0	0.0	0.0	0.0	0.0	0.0	0.0	13.0	13.0	64.0	0.0	0.0	28.0	0.0	0.0	16.0	0.0	0.0	59.0	0.0	0.0	9.0	75.0
d__Bacteria;p__Firmicutes;c__Clostridia;o__Monoglobales;f__Monoglobaceae;g__Monoglobus	14.0	13.0	19.0	14.0	12.0	0.0	8.0	0.0	0.0	3.0	11.0	0.0	6.0	9.0	8.0	18.0	6.0	15.0	0.0	0.0	8.0	4.0	66.0	2.0	5.0	0.0	8.0	21.0	8.0	0.0	0.0	4.0	37.0	18.0	10.0	0.0	0.0	0.0	5.0	7.0	10.0	6.0	0.0	3.0	0.0	0.0	19.0	8.0	64.0	0.0	0.0	0.0	0.0	0.0	5.0	0.0	41.0	5.0	22.0	5.0	6.0	0.0	16.0	3.0	15.0	0.0	0.0	0.0	9.0	0.0	0.0	39.0	49.0	0.0	0.0	2.0
d__Bacteria;p__Firmicutes;c__Clostridia;o__Lachnospirales;f__Lachnospiraceae;g__[Eubacterium]_ruminantium_group	4.0	0.0	0.0	5.0	0.0	193.0	16.0	51.0	0.0	4.0	0.0	0.0	4.0	0.0	21.0	0.0	0.0	0.0	0.0	0.0	0.0	5.0	0.0	0.0	13.0	9.0	0.0	15.0	44.0	0.0	0.0	0.0	8.0	54.0	15.0	0.0	0.0	0.0	0.0	75.0	0.0	0.0	21.0	0.0	0.0	15.0	15.0	0.0	0.0	0.0	0.0	5.0	0.0	10.0	7.0	0.0	0.0	0.0	7.0	0.0	0.0	4.0	0.0	0.0	0.0	0.0	0.0	0.0	0.0	0.0	0.0	0.0	0.0	0.0	0.0	0.0
d__Bacteria;p__Firmicutes;c__Clostridia;o__Oscillospirales;f__Butyricicoccaceae;g__Butyricicoccus	10.0	16.0	0.0	16.0	19.0	4.0	16.0	9.0	4.0	0.0	11.0	6.0	0.0	11.0	0.0	10.0	10.0	18.0	0.0	0.0	81.0	6.0	19.0	0.0	34.0	0.0	0.0	30.0	0.0	0.0	0.0	7.0	46.0	23.0	5.0	0.0	27.0	11.0	4.0	11.0	34.0	6.0	8.0	0.0	22.0	0.0	7.0	5.0	36.0	4.0	20.0	32.0	0.0	3.0	0.0	0.0	0.0	29.0	23.0	3.0	37.0	7.0	17.0	0.0	17.0	0.0	2.0	0.0	9.0	0.0	0.0	14.0	185.0	0.0	12.0	11.0
d__Bacteria;p__Firmicutes;c__Clostridia;o__Lachnospirales;f__Lachnospiraceae;g__Roseburia	13.0	53.0	9.0	21.0	0.0	30.0	42.0	0.0	17.0	17.0	0.0	37.0	6.0	0.0	18.0	0.0	59.0	0.0	0.0	0.0	0.0	68.0	50.0	0.0	0.0	0.0	13.0	40.0	59.0	0.0	0.0	12.0	19.0	45.0	30.0	0.0	96.0	6.0	0.0	0.0	28.0	21.0	10.0	4.0	0.0	4.0	0.0	0.0	110.0	0.0	40.0	23.0	0.0	5.0	0.0	0.0	0.0	40.0	7.0	0.0	230.0	0.0	111.0	0.0	0.0	0.0	15.0	13.0	18.0	0.0	0.0	51.0	35.0	0.0	0.0	19.0
d__Bacteria;p__Firmicutes;c__Clostridia;o__Lachnospirales;f__Lachnospiraceae;g__[Eubacterium]_ventriosum_group	0.0	8.0	4.0	17.0	7.0	6.0	0.0	0.0	2.0	0.0	0.0	8.0	0.0	11.0	0.0	13.0	4.0	0.0	0.0	7.0	0.0	0.0	91.0	5.0	9.0	0.0	0.0	30.0	0.0	0.0	2.0	0.0	0.0	0.0	0.0	0.0	0.0	0.0	0.0	0.0	15.0	0.0	29.0	12.0	0.0	0.0	0.0	0.0	0.0	0.0	22.0	5.0	0.0	7.0	33.0	11.0	0.0	111.0	40.0	3.0	11.0	0.0	7.0	0.0	12.0	0.0	0.0	0.0	14.0	0.0	0.0	55.0	0.0	0.0	0.0	0.0
d__Bacteria;p__Firmicutes;c__Clostridia;o__Lachnospirales;f__Lachnospiraceae;g__Lachnospiraceae_ND3007_group	32.0	20.0	16.0	0.0	0.0	2.0	8.0	0.0	7.0	0.0	0.0	9.0	2.0	0.0	0.0	30.0	9.0	0.0	0.0	0.0	11.0	6.0	12.0	0.0	27.0	0.0	0.0	74.0	0.0	0.0	0.0	0.0	21.0	4.0	63.0	0.0	27.0	3.0	19.0	14.0	18.0	9.0	0.0	10.0	0.0	11.0	0.0	0.0	9.0	0.0	0.0	0.0	0.0	7.0	4.0	7.0	0.0	0.0	8.0	0.0	26.0	0.0	9.0	0.0	4.0	0.0	0.0	4.0	0.0	0.0	0.0	5.0	3.0	0.0	2.0	6.0
d__Bacteria;p__Proteobacteria;c__Gammaproteobacteria;o__Burkholderiales;f__Sutterellaceae;g__Parasutterella	0.0	0.0	0.0	0.0	0.0	0.0	0.0	0.0	0.0	8.0	23.0	0.0	0.0	28.0	0.0	0.0	0.0	0.0	7.0	0.0	0.0	0.0	0.0	0.0	3.0	0.0	0.0	7.0	0.0	0.0	0.0	0.0	0.0	0.0	0.0	0.0	0.0	0.0	0.0	0.0	0.0	4.0	12.0	0.0	0.0	0.0	13.0	152.0	0.0	0.0	0.0	0.0	0.0	0.0	0.0	11.0	191.0	20.0	0.0	0.0	2.0	0.0	22.0	0.0	0.0	0.0	0.0	24.0	0.0	0.0	0.0	0.0	0.0	0.0	0.0	0.0
d__Bacteria;p__Firmicutes;c__Clostridia;o__Lachnospirales;f__Lachnospiraceae;g__[Eubacterium]_eligens_group	22.0	0.0	11.0	0.0	38.0	36.0	0.0	41.0	19.0	14.0	0.0	0.0	7.0	20.0	17.0	43.0	20.0	0.0	0.0	0.0	55.0	9.0	0.0	0.0	32.0	0.0	0.0	47.0	24.0	0.0	0.0	5.0	60.0	0.0	37.0	0.0	0.0	0.0	0.0	40.0	0.0	6.0	0.0	8.0	0.0	12.0	0.0	0.0	29.0	17.0	17.0	20.0	0.0	18.0	0.0	15.0	14.0	0.0	0.0	0.0	31.0	0.0	20.0	0.0	4.0	19.0	0.0	5.0	0.0	0.0	0.0	0.0	0.0	0.0	35.0	0.0
d__Bacteria;p__Firmicutes;c__Clostridia;o__Lachnospirales;f__Lachnospiraceae;g__Tyzzerella	4.0	20.0	0.0	17.0	0.0	5.0	0.0	0.0	0.0	0.0	0.0	0.0	7.0	0.0	9.0	0.0	11.0	33.0	2.0	5.0	0.0	0.0	5.0	2.0	0.0	0.0	8.0	0.0	0.0	24.0	0.0	5.0	22.0	0.0	0.0	0.0	0.0	0.0	5.0	0.0	9.0	0.0	0.0	2.0	0.0	0.0	9.0	0.0	0.0	0.0	0.0	0.0	0.0	0.0	48.0	0.0	32.0	0.0	15.0	0.0	0.0	0.0	0.0	0.0	0.0	0.0	0.0	0.0	17.0	0.0	0.0	23.0	391.0	5.0	0.0	0.0
d__Bacteria;p__Firmicutes;c__Clostridia;o__Oscillospirales;f__Ruminococcaceae;g__Incertae_Sedis	72.0	3.0	0.0	0.0	0.0	3.0	5.0	0.0	3.0	0.0	0.0	0.0	0.0	0.0	5.0	0.0	0.0	0.0	0.0	0.0	0.0	0.0	198.0	0.0	0.0	0.0	0.0	5.0	5.0	9.0	0.0	0.0	0.0	0.0	18.0	0.0	0.0	2.0	9.0	3.0	39.0	0.0	20.0	0.0	0.0	8.0	0.0	0.0	0.0	0.0	0.0	0.0	0.0	0.0	0.0	11.0	7.0	23.0	9.0	0.0	26.0	4.0	0.0	4.0	6.0	0.0	44.0	0.0	0.0	23.0	0.0	5.0	19.0	3.0	9.0	0.0
d__Bacteria;p__Firmicutes;c__Clostridia;o__Oscillospirales;f__[Eubacterium]_coprostanoligenes_group;g__[Eubacterium]_coprostanoligenes_group	51.0	14.0	0.0	22.0	25.0	19.0	23.0	76.0	25.0	21.0	11.0	6.0	4.0	51.0	23.0	0.0	31.0	0.0	0.0	0.0	0.0	18.0	97.0	0.0	163.0	9.0	13.0	89.0	11.0	0.0	0.0	7.0	33.0	14.0	54.0	0.0	14.0	45.0	13.0	32.0	38.0	31.0	32.0	21.0	0.0	83.0	22.0	0.0	9.0	5.0	23.0	0.0	0.0	58.0	8.0	10.0	0.0	119.0	112.0	57.0	159.0	0.0	70.0	12.0	26.0	0.0	10.0	0.0	14.0	0.0	0.0	9.0	0.0	0.0	61.0	14.0
d__Bacteria;p__Desulfobacterota;c__Desulfovibrionia;o__Desulfovibrionales;f__Desulfovibrionaceae;g__Bilophila	0.0	16.0	0.0	0.0	0.0	3.0	0.0	2.0	23.0	9.0	0.0	0.0	0.0	0.0	0.0	0.0	2.0	0.0	0.0	8.0	2.0	19.0	46.0	0.0	15.0	0.0	0.0	0.0	0.0	49.0	3.0	0.0	0.0	0.0	23.0	0.0	0.0	22.0	0.0	0.0	11.0	8.0	18.0	0.0	0.0	8.0	8.0	46.0	0.0	0.0	13.0	0.0	0.0	6.0	0.0	22.0	0.0	45.0	6.0	0.0	0.0	0.0	0.0	0.0	24.0	3.0	0.0	3.0	0.0	13.0	0.0	6.0	0.0	2.0	22.0	8.0
d__Bacteria;p__Firmicutes;c__Clostridia;o__Clostridiales;f__Clostridiaceae;g__Clostridium_sensu_stricto_1	82.0	0.0	4.0	0.0	0.0	0.0	9.0	12.0	0.0	0.0	4.0	0.0	0.0	0.0	5.0	141.0	0.0	0.0	0.0	0.0	0.0	9.0	0.0	0.0	0.0	0.0	8.0	3.0	15.0	6.0	0.0	0.0	0.0	0.0	13.0	0.0	32.0	75.0	3.0	8.0	7.0	0.0	74.0	41.0	0.0	0.0	0.0	0.0	0.0	0.0	0.0	22.0	7.0	24.0	0.0	30.0	8.0	0.0	6.0	0.0	151.0	6.0	46.0	0.0	0.0	0.0	0.0	0.0	0.0	0.0	0.0	10.0	0.0	0.0	11.0	49.0
d__Bacteria;p__Bacteroidota;c__Bacteroidia;o__Bacteroidales;f__Marinifilaceae;g__Odoribacter	0.0	9.0	0.0	7.0	9.0	0.0	11.0	6.0	18.0	11.0	0.0	14.0	3.0	0.0	0.0	0.0	13.0	0.0	0.0	5.0	0.0	0.0	44.0	0.0	0.0	0.0	0.0	4.0	0.0	0.0	0.0	0.0	4.0	10.0	10.0	0.0	0.0	0.0	0.0	0.0	17.0	9.0	0.0	0.0	0.0	9.0	6.0	0.0	0.0	13.0	0.0	0.0	0.0	23.0	6.0	23.0	0.0	7.0	15.0	19.0	6.0	0.0	13.0	0.0	17.0	0.0	2.0	0.0	0.0	0.0	0.0	0.0	0.0	0.0	9.0	7.0
d__Bacteria;p__Bacteroidota;c__Bacteroidia;o__Bacteroidales;f__Prevotellaceae;g__uncultured	0.0	0.0	0.0	0.0	0.0	0.0	0.0	35.0	0.0	0.0	0.0	0.0	0.0	0.0	0.0	0.0	0.0	0.0	0.0	0.0	0.0	0.0	0.0	0.0	0.0	0.0	0.0	0.0	0.0	0.0	0.0	0.0	0.0	0.0	0.0	0.0	0.0	51.0	0.0	0.0	0.0	0.0	0.0	0.0	0.0	0.0	0.0	0.0	0.0	0.0	0.0	8.0	0.0	14.0	0.0	0.0	0.0	0.0	0.0	110.0	0.0	0.0	0.0	0.0	0.0	0.0	0.0	0.0	6.0	0.0	0.0	0.0	0.0	0.0	192.0	0.0
d__Bacteria;p__Firmicutes;c__Clostridia;o__Oscillospirales;f__Oscillospiraceae;g__Flavonifractor	0.0	0.0	0.0	11.0	0.0	0.0	0.0	0.0	9.0	0.0	0.0	4.0	7.0	0.0	0.0	0.0	0.0	16.0	0.0	17.0	0.0	0.0	12.0	0.0	0.0	0.0	0.0	9.0	0.0	0.0	0.0	0.0	0.0	0.0	0.0	0.0	0.0	0.0	9.0	0.0	0.0	0.0	0.0	0.0	0.0	7.0	0.0	9.0	5.0	0.0	0.0	5.0	3.0	0.0	0.0	10.0	52.0	5.0	0.0	0.0	0.0	0.0	0.0	0.0	10.0	3.0	0.0	0.0	0.0	6.0	0.0	0.0	148.0	0.0	0.0	0.0
d__Bacteria;p__Firmicutes;c__Negativicutes;o__Veillonellales-Selenomonadales;f__Selenomonadaceae;g__Mitsuokella	0.0	0.0	0.0	0.0	0.0	0.0	0.0	87.0	0.0	0.0	0.0	0.0	0.0	0.0	6.0	0.0	0.0	0.0	0.0	0.0	0.0	5.0	0.0	0.0	0.0	0.0	0.0	0.0	0.0	0.0	6.0	0.0	0.0	2.0	7.0	0.0	0.0	138.0	0.0	0.0	0.0	0.0	0.0	4.0	0.0	10.0	47.0	0.0	0.0	0.0	0.0	0.0	0.0	0.0	79.0	0.0	0.0	0.0	47.0	0.0	0.0	0.0	0.0	0.0	0.0	0.0	0.0	0.0	0.0	0.0	0.0	0.0	0.0	0.0	0.0	0.0
d__Bacteria;p__Firmicutes;c__Clostridia;o__Christensenellales;f__Christensenellaceae;g__Christensenellaceae_R-7_group	52.0	47.0	0.0	0.0	2.0	5.0	0.0	12.0	5.0	19.0	25.0	0.0	7.0	7.0	20.0	0.0	6.0	0.0	0.0	0.0	0.0	22.0	5.0	0.0	15.0	3.0	28.0	28.0	6.0	0.0	3.0	3.0	33.0	6.0	125.0	0.0	9.0	5.0	0.0	19.0	40.0	5.0	11.0	48.0	0.0	72.0	5.0	0.0	0.0	8.0	4.0	0.0	3.0	59.0	0.0	0.0	0.0	10.0	53.0	5.0	135.0	8.0	95.0	0.0	0.0	0.0	8.0	3.0	0.0	0.0	0.0	7.0	0.0	0.0	15.0	19.0
d__Bacteria;p__Firmicutes;c__Bacilli;o__Lactobacillales;f__Leuconostocaceae;g__Weissella	0.0	8.0	4.0	0.0	0.0	0.0	0.0	6.0	0.0	0.0	0.0	6.0	0.0	0.0	0.0	0.0	12.0	0.0	0.0	0.0	0.0	0.0	0.0	0.0	9.0	7.0	0.0	44.0	0.0	0.0	0.0	0.0	23.0	5.0	25.0	0.0	53.0	7.0	0.0	0.0	57.0	0.0	0.0	6.0	0.0	0.0	0.0	0.0	35.0	0.0	11.0	34.0	0.0	0.0	0.0	0.0	14.0	0.0	6.0	0.0	0.0	0.0	0.0	0.0	0.0	0.0	0.0	4.0	0.0	0.0	0.0	0.0	0.0	0.0	0.0	12.0
d__Bacteria;p__Proteobacteria;c__Gammaproteobacteria;o__Enterobacterales;__;__	254.0	0.0	0.0	0.0	0.0	0.0	0.0	0.0	0.0	0.0	17.0	0.0	0.0	0.0	0.0	0.0	0.0	0.0	0.0	0.0	0.0	0.0	0.0	0.0	0.0	0.0	0.0	0.0	0.0	0.0	0.0	0.0	0.0	0.0	22.0	0.0	0.0	0.0	0.0	0.0	0.0	0.0	0.0	0.0	0.0	0.0	0.0	0.0	40.0	0.0	0.0	52.0	0.0	0.0	0.0	0.0	0.0	0.0	0.0	0.0	0.0	8.0	0.0	0.0	0.0	0.0	0.0	0.0	0.0	0.0	0.0	0.0	0.0	0.0	0.0	0.0
d__Bacteria;p__Firmicutes;c__Clostridia;o__Oscillospirales;f__Oscillospiraceae;g__UCG-003	5.0	0.0	0.0	0.0	0.0	8.0	0.0	0.0	10.0	20.0	0.0	7.0	0.0	14.0	0.0	0.0	9.0	0.0	0.0	0.0	0.0	8.0	27.0	0.0	0.0	0.0	0.0	11.0	0.0	0.0	0.0	0.0	0.0	0.0	15.0	0.0	10.0	0.0	0.0	6.0	13.0	5.0	8.0	4.0	0.0	0.0	0.0	0.0	0.0	16.0	0.0	0.0	0.0	10.0	0.0	6.0	0.0	22.0	4.0	0.0	13.0	0.0	24.0	0.0	10.0	0.0	0.0	0.0	6.0	0.0	0.0	0.0	0.0	0.0	52.0	0.0
d__Bacteria;p__Firmicutes;c__Clostridia;o__Lachnospirales;f__Lachnospiraceae;g__Lachnospiraceae_UCG-004	0.0	0.0	0.0	0.0	0.0	14.0	0.0	0.0	0.0	5.0	0.0	0.0	0.0	0.0	0.0	0.0	0.0	0.0	0.0	0.0	4.0	6.0	0.0	0.0	0.0	0.0	0.0	18.0	8.0	0.0	0.0	0.0	0.0	14.0	9.0	0.0	0.0	0.0	0.0	0.0	16.0	0.0	0.0	0.0	0.0	0.0	0.0	0.0	20.0	0.0	0.0	23.0	0.0	0.0	34.0	0.0	0.0	0.0	0.0	0.0	0.0	0.0	0.0	0.0	0.0	0.0	0.0	0.0	0.0	0.0	0.0	0.0	177.0	0.0	0.0	0.0
d__Bacteria;p__Firmicutes;c__Clostridia;o__Lachnospirales;f__Lachnospiraceae;g__Lachnospiraceae_NK4A136_group	0.0	10.0	0.0	0.0	0.0	0.0	0.0	0.0	0.0	0.0	15.0	6.0	0.0	11.0	0.0	0.0	0.0	0.0	0.0	0.0	0.0	0.0	22.0	0.0	0.0	0.0	11.0	6.0	0.0	0.0	0.0	0.0	34.0	0.0	8.0	1.0	35.0	8.0	13.0	0.0	50.0	0.0	0.0	11.0	0.0	0.0	10.0	0.0	6.0	0.0	0.0	0.0	0.0	12.0	0.0	0.0	8.0	0.0	0.0	0.0	14.0	0.0	15.0	0.0	0.0	0.0	0.0	0.0	17.0	0.0	0.0	9.0	0.0	0.0	20.0	12.0
d__Bacteria;p__Bacteroidota;c__Bacteroidia;o__Bacteroidales;f__Muribaculaceae;g__CAG-873	0.0	0.0	0.0	0.0	0.0	0.0	0.0	9.0	0.0	0.0	0.0	0.0	0.0	0.0	0.0	0.0	0.0	0.0	0.0	0.0	0.0	0.0	0.0	0.0	0.0	0.0	0.0	0.0	0.0	0.0	0.0	0.0	0.0	0.0	0.0	0.0	0.0	0.0	0.0	0.0	0.0	0.0	0.0	0.0	0.0	0.0	0.0	0.0	0.0	0.0	0.0	0.0	0.0	0.0	0.0	0.0	0.0	0.0	0.0	0.0	242.0	0.0	0.0	0.0	0.0	0.0	0.0	0.0	0.0	0.0	0.0	0.0	0.0	0.0	0.0	0.0
d__Bacteria;p__Firmicutes;c__Bacilli;o__Bacillales;f__Planococcaceae;g__Solibacillus	0.0	0.0	0.0	0.0	0.0	0.0	0.0	0.0	0.0	0.0	0.0	0.0	0.0	0.0	245.0	0.0	0.0	0.0	0.0	0.0	0.0	0.0	0.0	0.0	0.0	0.0	0.0	0.0	0.0	0.0	0.0	0.0	0.0	0.0	0.0	0.0	0.0	0.0	0.0	0.0	0.0	0.0	0.0	0.0	0.0	0.0	0.0	0.0	0.0	0.0	0.0	0.0	0.0	0.0	0.0	0.0	0.0	0.0	0.0	0.0	0.0	0.0	0.0	0.0	0.0	0.0	0.0	0.0	0.0	0.0	0.0	0.0	0.0	0.0	0.0	0.0
d__Bacteria;p__Desulfobacterota;c__Desulfovibrionia;o__Desulfovibrionales;f__Desulfovibrionaceae;g__Desulfovibrio	4.0	0.0	0.0	0.0	0.0	0.0	0.0	18.0	0.0	3.0	0.0	0.0	0.0	0.0	0.0	0.0	0.0	0.0	0.0	0.0	0.0	24.0	0.0	0.0	29.0	0.0	0.0	0.0	0.0	2.0	0.0	0.0	0.0	16.0	7.0	0.0	0.0	0.0	0.0	4.0	0.0	0.0	35.0	0.0	0.0	16.0	51.0	0.0	0.0	17.0	0.0	0.0	0.0	8.0	0.0	0.0	0.0	5.0	61.0	0.0	20.0	0.0	4.0	0.0	0.0	0.0	0.0	2.0	0.0	0.0	0.0	0.0	0.0	0.0	0.0	0.0
d__Bacteria;p__Firmicutes;c__Clostridia;o__Lachnospirales;f__Lachnospiraceae;g__CAG-56	0.0	17.0	0.0	0.0	0.0	0.0	6.0	0.0	0.0	0.0	0.0	0.0	0.0	0.0	0.0	18.0	0.0	0.0	0.0	0.0	0.0	0.0	49.0	0.0	0.0	0.0	0.0	17.0	0.0	0.0	0.0	0.0	9.0	16.0	0.0	0.0	0.0	0.0	0.0	8.0	11.0	0.0	0.0	13.0	0.0	0.0	12.0	0.0	0.0	0.0	14.0	0.0	0.0	0.0	0.0	0.0	0.0	0.0	0.0	0.0	0.0	9.0	11.0	0.0	10.0	0.0	0.0	0.0	0.0	0.0	0.0	10.0	0.0	0.0	0.0	0.0
d__Bacteria;p__Firmicutes;c__Clostridia;o__Oscillospirales;f__Oscillospiraceae;g__Oscillibacter	5.0	0.0	0.0	0.0	4.0	0.0	3.0	0.0	0.0	0.0	0.0	0.0	0.0	0.0	0.0	0.0	5.0	0.0	0.0	0.0	0.0	5.0	23.0	0.0	5.0	0.0	0.0	0.0	0.0	0.0	0.0	0.0	0.0	0.0	6.0	0.0	0.0	0.0	4.0	0.0	8.0	0.0	0.0	0.0	0.0	11.0	0.0	5.0	5.0	0.0	0.0	0.0	0.0	6.0	6.0	16.0	73.0	21.0	17.0	14.0	0.0	0.0	0.0	0.0	15.0	0.0	0.0	3.0	0.0	0.0	0.0	0.0	7.0	0.0	0.0	0.0
d__Bacteria;p__Actinobacteriota;c__Coriobacteriia;o__Coriobacteriales;f__Eggerthellaceae;g__uncultured	0.0	0.0	0.0	0.0	0.0	0.0	0.0	11.0	19.0	0.0	0.0	8.0	0.0	0.0	0.0	0.0	0.0	0.0	0.0	0.0	0.0	6.0	0.0	0.0	6.0	9.0	0.0	19.0	0.0	0.0	0.0	0.0	8.0	0.0	19.0	0.0	0.0	0.0	0.0	0.0	47.0	0.0	0.0	16.0	0.0	17.0	0.0	0.0	0.0	0.0	0.0	0.0	0.0	0.0	0.0	0.0	0.0	8.0	0.0	0.0	0.0	27.0	0.0	0.0	0.0	0.0	0.0	0.0	0.0	0.0	0.0	0.0	0.0	0.0	12.0	0.0
d__Bacteria;p__Firmicutes;c__Clostridia;o__Clostridia_UCG-014;f__Clostridia_UCG-014;g__Clostridia_UCG-014	6.0	7.0	0.0	0.0	0.0	7.0	0.0	26.0	0.0	0.0	0.0	0.0	0.0	0.0	45.0	0.0	0.0	0.0	0.0	0.0	0.0	0.0	0.0	0.0	0.0	8.0	0.0	0.0	0.0	0.0	0.0	3.0	108.0	2.0	52.0	0.0	0.0	0.0	0.0	19.0	115.0	2.0	0.0	0.0	0.0	17.0	2.0	0.0	0.0	11.0	0.0	0.0	0.0	33.0	0.0	0.0	0.0	32.0	0.0	0.0	272.0	76.0	112.0	0.0	0.0	0.0	0.0	0.0	0.0	0.0	0.0	0.0	0.0	0.0	0.0	0.0
d__Bacteria;p__Firmicutes;c__Clostridia;o__Oscillospirales;f__Ruminococcaceae;g__[Eubacterium]_siraeum_group	76.0	0.0	0.0	0.0	0.0	7.0	0.0	0.0	0.0	0.0	0.0	0.0	0.0	0.0	0.0	0.0	0.0	0.0	0.0	0.0	0.0	0.0	0.0	0.0	0.0	0.0	0.0	0.0	18.0	0.0	0.0	0.0	0.0	0.0	34.0	0.0	0.0	0.0	0.0	0.0	0.0	0.0	4.0	5.0	0.0	0.0	10.0	0.0	0.0	5.0	0.0	0.0	0.0	0.0	0.0	0.0	0.0	3.0	0.0	3.0	58.0	0.0	22.0	0.0	0.0	0.0	5.0	0.0	0.0	0.0	0.0	0.0	0.0	0.0	0.0	0.0
d__Bacteria;p__Firmicutes;c__Clostridia;o__Oscillospirales;f__Ruminococcaceae;g__UBA1819	0.0	0.0	0.0	0.0	0.0	0.0	0.0	0.0	0.0	0.0	0.0	0.0	0.0	0.0	0.0	0.0	0.0	0.0	0.0	0.0	0.0	0.0	5.0	0.0	0.0	0.0	0.0	0.0	0.0	0.0	0.0	0.0	0.0	0.0	0.0	0.0	0.0	0.0	0.0	0.0	0.0	0.0	0.0	0.0	0.0	0.0	0.0	0.0	0.0	0.0	0.0	0.0	0.0	0.0	0.0	32.0	28.0	9.0	0.0	0.0	0.0	0.0	0.0	0.0	0.0	0.0	7.0	0.0	0.0	56.0	0.0	0.0	55.0	18.0	0.0	0.0
d__Bacteria;p__Firmicutes;c__Clostridia;o__Oscillospirales;f__Oscillospiraceae;g__NK4A214_group	13.0	0.0	2.0	0.0	0.0	3.0	0.0	9.0	0.0	5.0	0.0	0.0	0.0	8.0	0.0	0.0	4.0	0.0	0.0	0.0	0.0	12.0	0.0	0.0	69.0	0.0	0.0	29.0	5.0	0.0	0.0	0.0	0.0	0.0	31.0	0.0	0.0	0.0	0.0	11.0	9.0	5.0	0.0	21.0	0.0	14.0	9.0	0.0	0.0	2.0	0.0	0.0	0.0	0.0	0.0	0.0	0.0	16.0	27.0	0.0	81.0	0.0	19.0	0.0	4.0	0.0	15.0	0.0	0.0	0.0	0.0	0.0	0.0	0.0	6.0	0.0
d__Bacteria;p__Firmicutes;c__Negativicutes;o__Veillonellales-Selenomonadales;f__Veillonellaceae;g__Allisonella	0.0	0.0	0.0	7.0	0.0	0.0	0.0	0.0	0.0	0.0	0.0	0.0	0.0	0.0	0.0	0.0	0.0	0.0	0.0	0.0	28.0	0.0	0.0	0.0	5.0	0.0	0.0	0.0	0.0	0.0	0.0	0.0	0.0	0.0	0.0	0.0	0.0	24.0	0.0	0.0	0.0	0.0	0.0	0.0	0.0	0.0	0.0	0.0	0.0	0.0	0.0	0.0	0.0	0.0	0.0	0.0	0.0	0.0	0.0	0.0	0.0	0.0	0.0	3.0	0.0	0.0	0.0	0.0	0.0	0.0	0.0	0.0	129.0	0.0	13.0	0.0
d__Bacteria;p__Firmicutes;c__Bacilli;o__Lactobacillales;f__Streptococcaceae;g__Lactococcus	0.0	0.0	0.0	0.0	0.0	0.0	0.0	0.0	0.0	0.0	0.0	0.0	0.0	3.0	0.0	0.0	0.0	0.0	0.0	0.0	0.0	0.0	0.0	0.0	0.0	0.0	0.0	28.0	0.0	3.0	0.0	0.0	41.0	0.0	25.0	0.0	10.0	0.0	0.0	0.0	0.0	0.0	0.0	0.0	0.0	0.0	0.0	0.0	45.0	0.0	0.0	13.0	0.0	0.0	0.0	0.0	0.0	0.0	0.0	0.0	0.0	0.0	14.0	0.0	0.0	0.0	0.0	0.0	0.0	0.0	0.0	2.0	0.0	0.0	21.0	13.0
d__Bacteria;p__Proteobacteria;c__Gammaproteobacteria;o__Burkholderiales;f__Sutterellaceae;g__Sutterella	0.0	0.0	0.0	0.0	0.0	31.0	9.0	13.0	51.0	11.0	0.0	8.0	0.0	0.0	0.0	0.0	37.0	0.0	0.0	0.0	39.0	16.0	43.0	0.0	16.0	0.0	0.0	0.0	0.0	0.0	0.0	0.0	0.0	31.0	31.0	0.0	6.0	0.0	0.0	6.0	16.0	0.0	0.0	0.0	4.0	18.0	5.0	0.0	16.0	6.0	13.0	5.0	0.0	7.0	3.0	0.0	0.0	32.0	0.0	0.0	0.0	0.0	4.0	0.0	0.0	0.0	0.0	0.0	0.0	0.0	0.0	28.0	0.0	0.0	37.0	0.0
d__Bacteria;p__Firmicutes;c__Clostridia;o__Lachnospirales;f__Lachnospiraceae;g__Lachnospiraceae_UCG-010	5.0	0.0	0.0	0.0	10.0	10.0	2.0	5.0	0.0	7.0	0.0	0.0	0.0	9.0	0.0	0.0	10.0	4.0	0.0	0.0	0.0	0.0	51.0	0.0	0.0	0.0	0.0	14.0	0.0	0.0	0.0	0.0	0.0	0.0	10.0	0.0	0.0	0.0	0.0	6.0	14.0	0.0	0.0	4.0	0.0	6.0	7.0	0.0	0.0	14.0	0.0	0.0	0.0	0.0	0.0	0.0	0.0	10.0	0.0	3.0	0.0	0.0	0.0	0.0	6.0	0.0	0.0	0.0	0.0	0.0	0.0	0.0	0.0	0.0	0.0	0.0
d__Bacteria;p__Bacteroidota;c__Bacteroidia;o__Bacteroidales;f__Rikenellaceae;g__Rikenellaceae_RC9_gut_group	41.0	0.0	0.0	9.0	0.0	0.0	0.0	0.0	0.0	0.0	0.0	0.0	0.0	135.0	0.0	0.0	0.0	0.0	0.0	0.0	0.0	42.0	0.0	0.0	0.0	0.0	0.0	0.0	0.0	0.0	0.0	0.0	86.0	0.0	0.0	0.0	0.0	21.0	0.0	22.0	0.0	0.0	0.0	0.0	0.0	3.0	0.0	0.0	0.0	0.0	0.0	0.0	0.0	0.0	0.0	0.0	0.0	0.0	0.0	0.0	17.0	0.0	0.0	0.0	0.0	0.0	0.0	0.0	12.0	0.0	0.0	0.0	0.0	0.0	0.0	0.0
d__Bacteria;p__Firmicutes;c__Clostridia;o__Lachnospirales;f__Lachnospiraceae;g__Lachnospiraceae_UCG-001	0.0	3.0	0.0	0.0	0.0	0.0	0.0	0.0	9.0	13.0	0.0	0.0	0.0	4.0	0.0	0.0	0.0	0.0	0.0	0.0	0.0	0.0	0.0	0.0	0.0	0.0	0.0	0.0	0.0	0.0	0.0	5.0	0.0	0.0	24.0	0.0	8.0	0.0	0.0	6.0	51.0	9.0	0.0	0.0	0.0	0.0	0.0	0.0	11.0	0.0	4.0	0.0	0.0	0.0	0.0	0.0	0.0	15.0	0.0	0.0	0.0	0.0	11.0	0.0	0.0	0.0	0.0	0.0	0.0	0.0	0.0	11.0	0.0	0.0	0.0	5.0
d__Bacteria;p__Bacteroidota;c__Bacteroidia;o__Bacteroidales;f__Barnesiellaceae;g__Barnesiella	4.0	0.0	0.0	13.0	14.0	13.0	0.0	5.0	0.0	0.0	0.0	0.0	0.0	0.0	26.0	0.0	9.0	0.0	0.0	0.0	11.0	0.0	79.0	0.0	4.0	0.0	0.0	3.0	0.0	0.0	0.0	0.0	13.0	11.0	3.0	0.0	0.0	0.0	0.0	0.0	0.0	41.0	0.0	22.0	2.0	23.0	0.0	0.0	0.0	0.0	0.0	0.0	2.0	5.0	8.0	4.0	0.0	72.0	8.0	0.0	0.0	0.0	55.0	0.0	33.0	0.0	0.0	0.0	11.0	0.0	0.0	12.0	0.0	0.0	34.0	3.0
d__Bacteria;p__Firmicutes;c__Clostridia;o__Lachnospirales;f__Lachnospiraceae;g__[Eubacterium]_xylanophilum_group	0.0	6.0	6.0	7.0	0.0	7.0	0.0	0.0	0.0	0.0	0.0	0.0	0.0	0.0	0.0	0.0	0.0	0.0	0.0	0.0	0.0	0.0	0.0	0.0	0.0	0.0	0.0	14.0	0.0	0.0	0.0	0.0	9.0	0.0	0.0	0.0	0.0	0.0	0.0	0.0	30.0	22.0	0.0	0.0	0.0	27.0	0.0	0.0	0.0	0.0	0.0	0.0	0.0	0.0	0.0	0.0	0.0	0.0	0.0	0.0	30.0	0.0	15.0	0.0	0.0	0.0	0.0	0.0	5.0	0.0	0.0	14.0	0.0	0.0	0.0	0.0
d__Bacteria;p__Actinobacteriota;c__Coriobacteriia;o__Coriobacteriales;f__Coriobacteriales_Incertae_Sedis;g__uncultured	20.0	9.0	0.0	15.0	0.0	2.0	0.0	0.0	0.0	0.0	0.0	0.0	0.0	0.0	4.0	0.0	0.0	0.0	0.0	0.0	0.0	0.0	0.0	0.0	0.0	0.0	0.0	2.0	0.0	0.0	11.0	0.0	0.0	0.0	0.0	0.0	0.0	0.0	0.0	10.0	0.0	0.0	0.0	0.0	0.0	0.0	0.0	0.0	0.0	0.0	0.0	0.0	0.0	0.0	0.0	0.0	0.0	0.0	0.0	3.0	96.0	0.0	4.0	0.0	0.0	0.0	0.0	0.0	16.0	0.0	9.0	106.0	0.0	0.0	0.0	0.0
d__Bacteria;p__Firmicutes;c__Clostridia;o__Oscillospirales;f__Ruminococcaceae;g__uncultured	0.0	0.0	0.0	0.0	0.0	5.0	11.0	0.0	0.0	13.0	0.0	0.0	0.0	0.0	2.0	0.0	0.0	0.0	0.0	0.0	0.0	11.0	0.0	0.0	0.0	0.0	0.0	36.0	0.0	0.0	0.0	0.0	0.0	0.0	37.0	0.0	0.0	0.0	0.0	12.0	0.0	4.0	7.0	0.0	0.0	9.0	0.0	0.0	0.0	0.0	0.0	0.0	0.0	17.0	0.0	2.0	0.0	4.0	15.0	19.0	12.0	0.0	10.0	0.0	3.0	0.0	7.0	0.0	0.0	0.0	0.0	0.0	0.0	0.0	0.0	0.0
d__Bacteria;p__Firmicutes;c__Clostridia;o__Lachnospirales;f__Lachnospiraceae;g__Butyrivibrio	0.0	0.0	0.0	0.0	0.0	0.0	0.0	0.0	0.0	0.0	0.0	0.0	0.0	0.0	0.0	0.0	0.0	0.0	0.0	0.0	0.0	0.0	0.0	0.0	0.0	0.0	0.0	0.0	0.0	0.0	0.0	0.0	0.0	0.0	16.0	0.0	0.0	0.0	0.0	0.0	0.0	0.0	0.0	0.0	0.0	0.0	0.0	0.0	0.0	0.0	0.0	0.0	0.0	0.0	0.0	0.0	0.0	0.0	0.0	0.0	169.0	0.0	0.0	0.0	0.0	0.0	0.0	0.0	0.0	0.0	0.0	0.0	0.0	0.0	0.0	0.0
d__Bacteria;p__Firmicutes;c__Clostridia;o__Lachnospirales;f__Lachnospiraceae;g__uncultured	12.0	15.0	0.0	0.0	0.0	0.0	7.0	0.0	0.0	0.0	0.0	0.0	0.0	0.0	0.0	0.0	0.0	0.0	0.0	0.0	0.0	0.0	8.0	0.0	0.0	6.0	0.0	0.0	0.0	0.0	0.0	0.0	7.0	0.0	4.0	0.0	10.0	4.0	3.0	0.0	0.0	0.0	13.0	0.0	0.0	0.0	0.0	0.0	0.0	0.0	7.0	0.0	0.0	6.0	5.0	0.0	0.0	7.0	9.0	0.0	6.0	0.0	0.0	0.0	0.0	0.0	0.0	0.0	0.0	0.0	0.0	0.0	0.0	0.0	0.0	8.0
d__Bacteria;p__Firmicutes;c__Clostridia;o__Oscillospirales;f__Oscillospiraceae;g__UCG-005	16.0	6.0	0.0	0.0	3.0	0.0	0.0	25.0	9.0	17.0	0.0	0.0	0.0	5.0	4.0	0.0	0.0	0.0	0.0	0.0	0.0	18.0	6.0	0.0	10.0	0.0	0.0	23.0	2.0	0.0	0.0	0.0	0.0	6.0	33.0	0.0	0.0	0.0	0.0	39.0	6.0	10.0	14.0	0.0	0.0	12.0	6.0	0.0	0.0	9.0	0.0	0.0	0.0	66.0	0.0	9.0	0.0	11.0	49.0	21.0	52.0	0.0	73.0	0.0	0.0	0.0	7.0	0.0	0.0	0.0	0.0	0.0	4.0	0.0	15.0	0.0
d__Bacteria;p__Firmicutes;c__Clostridia;o__Peptostreptococcales-Tissierellales;f__Peptostreptococcaceae;g__Intestinibacter	0.0	0.0	2.0	4.0	0.0	0.0	0.0	0.0	0.0	0.0	0.0	0.0	0.0	0.0	0.0	0.0	0.0	0.0	0.0	0.0	0.0	0.0	0.0	0.0	0.0	0.0	0.0	0.0	0.0	0.0	0.0	0.0	0.0	0.0	0.0	0.0	23.0	15.0	0.0	0.0	0.0	0.0	48.0	0.0	0.0	6.0	0.0	0.0	0.0	0.0	0.0	0.0	0.0	0.0	0.0	0.0	0.0	0.0	11.0	0.0	0.0	5.0	0.0	0.0	0.0	0.0	0.0	0.0	0.0	0.0	0.0	13.0	5.0	0.0	0.0	0.0
d__Bacteria;p__Fusobacteriota;c__Fusobacteriia;o__Fusobacteriales;f__Fusobacteriaceae;g__Fusobacterium	0.0	0.0	0.0	0.0	31.0	0.0	0.0	0.0	0.0	0.0	0.0	0.0	0.0	0.0	0.0	0.0	0.0	0.0	0.0	0.0	206.0	0.0	0.0	0.0	0.0	0.0	0.0	0.0	0.0	6.0	0.0	0.0	0.0	0.0	0.0	0.0	0.0	0.0	0.0	0.0	0.0	0.0	0.0	0.0	0.0	0.0	0.0	0.0	0.0	0.0	9.0	0.0	0.0	0.0	0.0	0.0	0.0	0.0	0.0	0.0	0.0	0.0	0.0	0.0	0.0	0.0	0.0	0.0	0.0	0.0	0.0	0.0	0.0	19.0	0.0	0.0
d__Bacteria;p__Firmicutes;c__Bacilli;o__Erysipelotrichales;f__Erysipelotrichaceae;g__Turicibacter	0.0	0.0	0.0	0.0	0.0	0.0	0.0	13.0	0.0	0.0	0.0	0.0	0.0	0.0	0.0	0.0	0.0	0.0	7.0	0.0	0.0	0.0	0.0	0.0	0.0	0.0	10.0	0.0	0.0	0.0	0.0	0.0	0.0	5.0	0.0	0.0	0.0	6.0	0.0	0.0	0.0	0.0	0.0	0.0	0.0	0.0	0.0	0.0	0.0	0.0	0.0	22.0	0.0	0.0	0.0	0.0	0.0	0.0	25.0	0.0	141.0	0.0	0.0	0.0	0.0	0.0	0.0	0.0	0.0	0.0	0.0	0.0	0.0	0.0	0.0	0.0
d__Bacteria;p__Firmicutes;c__Clostridia;o__Oscillospirales;f__Oscillospiraceae;__	12.0	6.0	0.0	0.0	0.0	0.0	3.0	0.0	0.0	6.0	0.0	0.0	3.0	3.0	5.0	0.0	0.0	0.0	0.0	0.0	0.0	2.0	8.0	0.0	6.0	0.0	0.0	10.0	0.0	0.0	0.0	0.0	0.0	8.0	18.0	0.0	5.0	0.0	0.0	12.0	3.0	0.0	5.0	9.0	0.0	21.0	5.0	0.0	0.0	9.0	0.0	0.0	7.0	0.0	0.0	0.0	16.0	29.0	8.0	13.0	65.0	0.0	9.0	2.0	0.0	0.0	0.0	0.0	0.0	4.0	0.0	3.0	0.0	0.0	0.0	0.0
d__Bacteria;p__Proteobacteria;c__Gammaproteobacteria;o__Pseudomonadales;f__Pseudomonadaceae;g__Pseudomonas	0.0	0.0	0.0	0.0	0.0	5.0	0.0	0.0	0.0	0.0	0.0	5.0	0.0	15.0	92.0	0.0	0.0	0.0	0.0	0.0	10.0	0.0	5.0	0.0	0.0	0.0	0.0	0.0	0.0	0.0	0.0	0.0	0.0	3.0	0.0	0.0	3.0	5.0	0.0	0.0	0.0	0.0	0.0	0.0	0.0	0.0	2.0	11.0	4.0	0.0	0.0	3.0	0.0	0.0	0.0	0.0	15.0	0.0	0.0	0.0	0.0	3.0	0.0	0.0	2.0	0.0	0.0	0.0	0.0	0.0	0.0	0.0	14.0	7.0	6.0	3.0
d__Bacteria;p__Firmicutes;c__Clostridia;o__Lachnospirales;f__Lachnospiraceae;g__Howardella	0.0	0.0	0.0	0.0	0.0	0.0	0.0	4.0	0.0	0.0	0.0	0.0	0.0	0.0	0.0	0.0	0.0	0.0	12.0	0.0	30.0	0.0	0.0	0.0	6.0	0.0	0.0	14.0	0.0	0.0	0.0	0.0	3.0	0.0	0.0	0.0	0.0	8.0	0.0	0.0	4.0	0.0	0.0	0.0	0.0	0.0	0.0	0.0	0.0	0.0	0.0	0.0	0.0	3.0	0.0	0.0	0.0	0.0	0.0	0.0	16.0	0.0	0.0	0.0	0.0	0.0	0.0	0.0	0.0	0.0	0.0	0.0	0.0	0.0	4.0	0.0
d__Bacteria;p__Firmicutes;c__Clostridia;o__Oscillospirales;f__Butyricicoccaceae;__	0.0	3.0	0.0	0.0	0.0	8.0	0.0	0.0	0.0	0.0	0.0	0.0	0.0	0.0	5.0	0.0	0.0	0.0	0.0	0.0	0.0	0.0	0.0	0.0	0.0	0.0	0.0	0.0	0.0	0.0	0.0	0.0	0.0	0.0	23.0	0.0	6.0	0.0	0.0	0.0	7.0	0.0	22.0	0.0	0.0	0.0	0.0	0.0	0.0	0.0	0.0	0.0	0.0	0.0	0.0	0.0	0.0	0.0	0.0	0.0	19.0	5.0	4.0	0.0	0.0	0.0	0.0	0.0	0.0	0.0	0.0	0.0	0.0	0.0	0.0	0.0
d__Bacteria;p__Firmicutes;c__Clostridia;o__Lachnospirales;f__Lachnospiraceae;g__Lachnospiraceae_FCS020_group	11.0	0.0	0.0	0.0	0.0	0.0	0.0	0.0	0.0	0.0	0.0	0.0	0.0	0.0	0.0	0.0	0.0	0.0	0.0	0.0	0.0	0.0	0.0	0.0	9.0	0.0	0.0	15.0	0.0	0.0	0.0	0.0	16.0	11.0	0.0	0.0	0.0	0.0	0.0	11.0	9.0	0.0	10.0	0.0	0.0	6.0	6.0	0.0	0.0	0.0	0.0	0.0	0.0	0.0	0.0	0.0	0.0	0.0	3.0	0.0	25.0	0.0	0.0	0.0	0.0	0.0	0.0	0.0	0.0	0.0	0.0	0.0	5.0	0.0	0.0	0.0
d__Bacteria;p__Actinobacteriota;c__Coriobacteriia;o__Coriobacteriales;f__Eggerthellaceae;g__Senegalimassilia	0.0	0.0	0.0	0.0	0.0	0.0	0.0	0.0	0.0	0.0	0.0	0.0	0.0	0.0	12.0	0.0	4.0	0.0	0.0	0.0	0.0	0.0	0.0	0.0	13.0	3.0	0.0	0.0	0.0	0.0	0.0	0.0	11.0	0.0	14.0	0.0	0.0	0.0	0.0	0.0	0.0	0.0	0.0	20.0	4.0	0.0	0.0	0.0	0.0	0.0	3.0	0.0	0.0	14.0	0.0	0.0	0.0	0.0	0.0	0.0	17.0	0.0	0.0	0.0	0.0	11.0	0.0	0.0	0.0	0.0	0.0	0.0	0.0	0.0	0.0	0.0
d__Bacteria;p__Firmicutes;c__Clostridia;o__Lachnospirales;f__Lachnospiraceae;g__Sellimonas	0.0	0.0	0.0	0.0	0.0	0.0	0.0	0.0	0.0	0.0	0.0	0.0	0.0	0.0	0.0	10.0	0.0	0.0	0.0	0.0	0.0	0.0	0.0	0.0	0.0	0.0	0.0	0.0	0.0	0.0	0.0	0.0	0.0	0.0	0.0	0.0	0.0	0.0	10.0	0.0	0.0	0.0	0.0	0.0	0.0	0.0	0.0	5.0	0.0	0.0	0.0	0.0	0.0	0.0	0.0	0.0	0.0	0.0	0.0	0.0	0.0	0.0	0.0	0.0	0.0	0.0	0.0	0.0	0.0	59.0	0.0	0.0	0.0	0.0	0.0	0.0
d__Bacteria;p__Bacteroidota;c__Bacteroidia;o__Bacteroidales;f__Tannerellaceae;__	10.0	0.0	0.0	0.0	0.0	0.0	0.0	0.0	0.0	0.0	0.0	0.0	0.0	0.0	9.0	0.0	0.0	0.0	0.0	0.0	0.0	0.0	0.0	0.0	0.0	0.0	0.0	0.0	0.0	0.0	0.0	0.0	0.0	0.0	0.0	0.0	5.0	0.0	0.0	0.0	0.0	0.0	0.0	0.0	0.0	0.0	0.0	0.0	0.0	0.0	0.0	0.0	0.0	0.0	0.0	0.0	0.0	40.0	9.0	0.0	0.0	0.0	0.0	0.0	0.0	0.0	0.0	0.0	0.0	0.0	0.0	0.0	0.0	0.0	8.0	0.0
d__Bacteria;p__Firmicutes;c__Negativicutes;o__Veillonellales-Selenomonadales;f__Selenomonadaceae;g__Megamonas	0.0	0.0	0.0	0.0	0.0	0.0	0.0	0.0	0.0	0.0	0.0	0.0	0.0	0.0	0.0	0.0	0.0	0.0	0.0	0.0	81.0	0.0	0.0	0.0	0.0	0.0	0.0	0.0	0.0	0.0	0.0	0.0	0.0	0.0	0.0	0.0	0.0	0.0	0.0	0.0	0.0	0.0	0.0	0.0	0.0	0.0	0.0	0.0	0.0	0.0	0.0	0.0	0.0	0.0	0.0	0.0	0.0	0.0	0.0	0.0	0.0	0.0	0.0	0.0	0.0	0.0	0.0	0.0	0.0	0.0	0.0	0.0	0.0	0.0	0.0	0.0
d__Bacteria;p__Firmicutes;c__Clostridia;o__Christensenellales;f__Christensenellaceae;__	3.0	0.0	0.0	0.0	0.0	0.0	0.0	0.0	0.0	0.0	0.0	0.0	0.0	0.0	0.0	0.0	0.0	0.0	0.0	0.0	0.0	0.0	0.0	0.0	0.0	0.0	0.0	0.0	0.0	0.0	0.0	0.0	0.0	0.0	0.0	0.0	0.0	2.0	0.0	0.0	0.0	0.0	0.0	0.0	0.0	0.0	0.0	0.0	0.0	0.0	0.0	0.0	0.0	0.0	0.0	0.0	0.0	0.0	0.0	0.0	81.0	0.0	0.0	0.0	2.0	0.0	0.0	0.0	0.0	0.0	0.0	0.0	0.0	0.0	0.0	0.0
d__Bacteria;p__Firmicutes;c__Clostridia;o__Oscillospirales;f__Ruminococcaceae;g__Negativibacillus	0.0	0.0	0.0	0.0	0.0	0.0	0.0	0.0	0.0	0.0	0.0	0.0	15.0	0.0	0.0	0.0	0.0	0.0	0.0	19.0	0.0	0.0	0.0	0.0	17.0	0.0	0.0	0.0	6.0	0.0	0.0	0.0	0.0	0.0	17.0	0.0	0.0	24.0	6.0	0.0	0.0	0.0	0.0	0.0	0.0	0.0	0.0	0.0	0.0	0.0	7.0	0.0	0.0	12.0	0.0	0.0	0.0	18.0	20.0	0.0	4.0	0.0	0.0	0.0	0.0	0.0	0.0	0.0	0.0	3.0	0.0	0.0	0.0	0.0	0.0	0.0
d__Bacteria;p__Firmicutes;c__Clostridia;o__Peptostreptococcales-Tissierellales;f__Peptostreptococcaceae;g__Terrisporobacter	0.0	0.0	0.0	0.0	0.0	0.0	0.0	0.0	0.0	0.0	0.0	0.0	0.0	0.0	0.0	0.0	0.0	0.0	0.0	0.0	0.0	0.0	0.0	0.0	0.0	0.0	0.0	0.0	0.0	0.0	0.0	0.0	0.0	0.0	0.0	0.0	24.0	0.0	0.0	0.0	0.0	0.0	0.0	0.0	0.0	0.0	0.0	0.0	0.0	0.0	0.0	0.0	0.0	0.0	0.0	0.0	0.0	0.0	0.0	0.0	47.0	0.0	0.0	0.0	0.0	0.0	0.0	0.0	0.0	0.0	0.0	9.0	0.0	0.0	0.0	0.0
d__Bacteria;p__Bacteroidota;c__Bacteroidia;o__Bacteroidales;f__Prevotellaceae;g__Prevotellaceae_NK3B31_group	0.0	0.0	0.0	0.0	0.0	0.0	0.0	0.0	0.0	0.0	0.0	0.0	0.0	0.0	0.0	0.0	0.0	0.0	0.0	0.0	0.0	11.0	0.0	0.0	0.0	58.0	0.0	0.0	0.0	0.0	21.0	0.0	0.0	0.0	0.0	0.0	0.0	0.0	0.0	0.0	0.0	0.0	0.0	0.0	0.0	0.0	0.0	0.0	0.0	0.0	0.0	0.0	0.0	0.0	0.0	0.0	0.0	0.0	0.0	0.0	0.0	0.0	0.0	0.0	0.0	0.0	0.0	0.0	0.0	0.0	0.0	0.0	0.0	0.0	0.0	0.0
d__Bacteria;p__Bacteroidota;c__Bacteroidia;o__Bacteroidales;f__Prevotellaceae;g__Prevotellaceae_UCG-003	0.0	0.0	0.0	0.0	0.0	0.0	0.0	0.0	0.0	0.0	0.0	0.0	0.0	0.0	0.0	0.0	0.0	0.0	0.0	0.0	0.0	0.0	0.0	0.0	0.0	0.0	0.0	6.0	0.0	0.0	0.0	0.0	0.0	0.0	0.0	0.0	0.0	0.0	0.0	0.0	0.0	0.0	0.0	0.0	0.0	0.0	0.0	0.0	0.0	63.0	0.0	0.0	0.0	0.0	0.0	0.0	0.0	0.0	0.0	0.0	9.0	0.0	0.0	0.0	0.0	0.0	0.0	0.0	0.0	0.0	0.0	0.0	0.0	0.0	0.0	0.0
d__Bacteria;p__Firmicutes;c__Clostridia;o__Peptococcales;f__Peptococcaceae;g__Peptococcus	0.0	0.0	0.0	0.0	0.0	3.0	0.0	0.0	0.0	0.0	0.0	0.0	0.0	23.0	0.0	0.0	0.0	0.0	0.0	0.0	0.0	0.0	0.0	0.0	0.0	0.0	0.0	24.0	0.0	0.0	0.0	0.0	0.0	0.0	0.0	0.0	0.0	0.0	0.0	8.0	0.0	0.0	0.0	0.0	0.0	0.0	0.0	0.0	0.0	5.0	0.0	0.0	0.0	0.0	0.0	0.0	0.0	0.0	17.0	0.0	0.0	0.0	0.0	0.0	0.0	0.0	0.0	0.0	0.0	0.0	0.0	0.0	0.0	0.0	0.0	0.0
d__Bacteria;p__Bacteroidota;c__Bacteroidia;o__Bacteroidales;f__Barnesiellaceae;g__Coprobacter	0.0	0.0	0.0	8.0	0.0	0.0	0.0	0.0	0.0	0.0	0.0	0.0	0.0	0.0	0.0	0.0	0.0	0.0	0.0	11.0	0.0	0.0	0.0	0.0	0.0	0.0	0.0	2.0	0.0	19.0	0.0	0.0	0.0	0.0	0.0	0.0	0.0	0.0	0.0	0.0	0.0	17.0	0.0	0.0	0.0	0.0	0.0	0.0	0.0	0.0	0.0	0.0	0.0	0.0	0.0	0.0	0.0	0.0	0.0	0.0	3.0	0.0	0.0	0.0	4.0	0.0	0.0	0.0	6.0	0.0	0.0	0.0	0.0	0.0	5.0	2.0
d__Bacteria;p__Firmicutes;c__Clostridia;o__Oscillospirales;f__Oscillospiraceae;g__uncultured	0.0	0.0	0.0	0.0	9.0	0.0	0.0	0.0	0.0	0.0	0.0	0.0	0.0	0.0	0.0	0.0	3.0	0.0	0.0	0.0	0.0	0.0	12.0	0.0	8.0	0.0	0.0	0.0	0.0	0.0	0.0	0.0	0.0	0.0	6.0	0.0	6.0	5.0	0.0	0.0	7.0	0.0	12.0	0.0	0.0	0.0	0.0	0.0	0.0	0.0	0.0	0.0	0.0	4.0	0.0	8.0	0.0	0.0	7.0	6.0	0.0	4.0	3.0	0.0	11.0	0.0	0.0	0.0	0.0	0.0	0.0	0.0	0.0	0.0	3.0	0.0
d__Bacteria;p__Bacteroidota;c__Bacteroidia;o__Bacteroidales;f__Marinifilaceae;g__Butyricimonas	0.0	0.0	0.0	0.0	0.0	0.0	0.0	0.0	0.0	5.0	0.0	0.0	0.0	82.0	14.0	0.0	0.0	0.0	0.0	0.0	0.0	0.0	42.0	0.0	0.0	3.0	0.0	3.0	0.0	0.0	0.0	0.0	0.0	17.0	12.0	0.0	0.0	5.0	0.0	0.0	15.0	0.0	0.0	0.0	0.0	45.0	0.0	0.0	0.0	0.0	0.0	0.0	0.0	0.0	5.0	38.0	0.0	8.0	15.0	0.0	3.0	0.0	0.0	0.0	0.0	0.0	0.0	8.0	0.0	0.0	0.0	0.0	0.0	0.0	49.0	0.0
d__Bacteria;p__Firmicutes;c__Clostridia;o__Lachnospirales;f__Lachnospiraceae;g__Eisenbergiella	0.0	0.0	0.0	0.0	3.0	0.0	0.0	0.0	0.0	0.0	0.0	0.0	0.0	0.0	0.0	0.0	0.0	0.0	0.0	0.0	0.0	0.0	0.0	0.0	0.0	0.0	0.0	0.0	0.0	0.0	0.0	0.0	0.0	0.0	0.0	0.0	0.0	0.0	0.0	0.0	0.0	0.0	0.0	0.0	0.0	0.0	0.0	0.0	0.0	0.0	0.0	0.0	0.0	0.0	0.0	0.0	0.0	0.0	0.0	0.0	0.0	0.0	0.0	0.0	0.0	0.0	0.0	0.0	0.0	67.0	0.0	0.0	0.0	0.0	0.0	0.0
d__Bacteria;p__Actinobacteriota;c__Coriobacteriia;o__Coriobacteriales;f__Eggerthellaceae;g__Adlercreutzia	0.0	0.0	0.0	0.0	0.0	0.0	0.0	0.0	0.0	0.0	0.0	0.0	0.0	0.0	0.0	0.0	0.0	0.0	0.0	0.0	0.0	0.0	40.0	0.0	0.0	0.0	0.0	0.0	0.0	0.0	0.0	0.0	0.0	0.0	0.0	0.0	0.0	0.0	0.0	0.0	3.0	0.0	0.0	0.0	0.0	0.0	0.0	0.0	0.0	0.0	0.0	0.0	0.0	0.0	0.0	0.0	0.0	0.0	0.0	0.0	0.0	0.0	0.0	0.0	0.0	0.0	0.0	0.0	0.0	0.0	0.0	0.0	0.0	0.0	9.0	14.0
d__Bacteria;p__Firmicutes;c__Clostridia;o__Oscillospirales;f__UCG-010;g__UCG-010	11.0	0.0	0.0	0.0	0.0	0.0	0.0	0.0	0.0	18.0	0.0	0.0	0.0	0.0	0.0	0.0	0.0	0.0	0.0	0.0	0.0	0.0	0.0	0.0	0.0	0.0	0.0	2.0	0.0	0.0	0.0	0.0	0.0	0.0	58.0	0.0	0.0	0.0	0.0	0.0	0.0	0.0	0.0	0.0	0.0	0.0	0.0	0.0	0.0	0.0	0.0	0.0	0.0	0.0	0.0	0.0	0.0	2.0	4.0	52.0	15.0	0.0	56.0	0.0	0.0	0.0	0.0	0.0	0.0	0.0	0.0	0.0	0.0	0.0	0.0	0.0
d__Bacteria;p__Firmicutes;c__Clostridia;o__Peptostreptococcales-Tissierellales;f__Anaerovoracaceae;g__Mogibacterium	0.0	0.0	0.0	0.0	0.0	0.0	0.0	0.0	0.0	0.0	0.0	0.0	0.0	0.0	0.0	0.0	0.0	0.0	0.0	0.0	0.0	0.0	0.0	0.0	0.0	0.0	0.0	0.0	0.0	0.0	0.0	0.0	0.0	0.0	0.0	0.0	0.0	15.0	0.0	0.0	0.0	0.0	0.0	0.0	0.0	0.0	0.0	0.0	0.0	11.0	0.0	0.0	8.0	0.0	0.0	0.0	0.0	0.0	16.0	0.0	19.0	0.0	0.0	0.0	0.0	0.0	0.0	0.0	0.0	0.0	0.0	0.0	0.0	0.0	0.0	0.0
d__Bacteria;p__Firmicutes;c__Clostridia;o__Oscillospirales;f__Oscillospiraceae;g__Colidextribacter	0.0	0.0	0.0	0.0	0.0	0.0	0.0	0.0	0.0	0.0	0.0	0.0	0.0	0.0	0.0	0.0	0.0	0.0	0.0	0.0	0.0	2.0	4.0	0.0	4.0	0.0	0.0	0.0	0.0	0.0	0.0	0.0	0.0	0.0	4.0	0.0	0.0	0.0	0.0	0.0	3.0	0.0	0.0	0.0	0.0	0.0	0.0	0.0	0.0	0.0	5.0	0.0	0.0	0.0	3.0	16.0	36.0	11.0	0.0	0.0	4.0	0.0	4.0	0.0	0.0	0.0	0.0	0.0	0.0	0.0	0.0	0.0	0.0	0.0	4.0	0.0
d__Bacteria;p__Actinobacteriota;c__Coriobacteriia;o__Coriobacteriales;f__Atopobiaceae;g__Olsenella	0.0	0.0	0.0	0.0	0.0	0.0	0.0	0.0	0.0	0.0	0.0	0.0	0.0	0.0	0.0	0.0	0.0	0.0	0.0	0.0	0.0	7.0	0.0	0.0	39.0	0.0	0.0	0.0	0.0	0.0	0.0	0.0	0.0	0.0	0.0	0.0	0.0	7.0	0.0	0.0	0.0	0.0	0.0	0.0	0.0	0.0	0.0	0.0	0.0	0.0	0.0	0.0	0.0	0.0	0.0	0.0	0.0	0.0	0.0	0.0	0.0	0.0	0.0	0.0	0.0	0.0	0.0	0.0	0.0	0.0	0.0	0.0	0.0	0.0	0.0	0.0
d__Bacteria;p__Firmicutes;c__Clostridia;o__Oscillospirales;__;__	0.0	39.0	0.0	0.0	0.0	0.0	0.0	0.0	0.0	0.0	0.0	0.0	0.0	0.0	0.0	0.0	0.0	0.0	0.0	0.0	0.0	0.0	0.0	0.0	0.0	0.0	0.0	0.0	0.0	0.0	0.0	0.0	12.0	0.0	0.0	0.0	0.0	0.0	0.0	0.0	0.0	0.0	0.0	0.0	0.0	0.0	0.0	0.0	0.0	0.0	0.0	0.0	0.0	0.0	0.0	0.0	0.0	7.0	0.0	0.0	6.0	0.0	0.0	0.0	0.0	0.0	0.0	0.0	0.0	0.0	0.0	0.0	0.0	0.0	0.0	0.0
d__Bacteria;p__Firmicutes;c__Bacilli;o__Lactobacillales;f__Lactobacillaceae;g__Pediococcus	0.0	0.0	0.0	0.0	0.0	0.0	0.0	14.0	0.0	0.0	4.0	0.0	0.0	0.0	0.0	0.0	0.0	0.0	0.0	0.0	6.0	0.0	0.0	0.0	0.0	0.0	0.0	0.0	3.0	0.0	0.0	0.0	0.0	0.0	4.0	0.0	0.0	4.0	0.0	0.0	0.0	0.0	0.0	0.0	0.0	0.0	0.0	0.0	0.0	0.0	0.0	0.0	0.0	0.0	0.0	0.0	0.0	0.0	0.0	0.0	0.0	0.0	0.0	0.0	0.0	19.0	36.0	0.0	0.0	0.0	0.0	0.0	0.0	0.0	0.0	0.0
d__Bacteria;p__Firmicutes;c__Bacilli;o__Lactobacillales;f__Leuconostocaceae;g__Leuconostoc	0.0	0.0	0.0	0.0	10.0	0.0	0.0	0.0	0.0	0.0	0.0	0.0	0.0	0.0	0.0	0.0	0.0	0.0	0.0	0.0	0.0	2.0	0.0	0.0	0.0	0.0	0.0	0.0	0.0	0.0	0.0	0.0	0.0	0.0	0.0	0.0	0.0	0.0	0.0	0.0	0.0	0.0	0.0	0.0	0.0	0.0	0.0	0.0	24.0	0.0	3.0	5.0	0.0	0.0	2.0	0.0	0.0	0.0	0.0	0.0	0.0	0.0	0.0	0.0	0.0	0.0	0.0	4.0	0.0	0.0	0.0	0.0	0.0	0.0	0.0	0.0
d__Bacteria;p__Bacteroidota;c__Bacteroidia;o__Bacteroidales;f__Prevotellaceae;__	0.0	0.0	0.0	0.0	0.0	0.0	15.0	0.0	7.0	8.0	0.0	0.0	0.0	0.0	0.0	0.0	0.0	0.0	0.0	0.0	0.0	0.0	0.0	0.0	0.0	0.0	0.0	5.0	0.0	0.0	0.0	0.0	0.0	0.0	0.0	0.0	0.0	0.0	0.0	0.0	0.0	0.0	0.0	0.0	0.0	0.0	0.0	0.0	0.0	0.0	15.0	0.0	0.0	0.0	0.0	0.0	0.0	0.0	0.0	0.0	0.0	0.0	0.0	0.0	0.0	0.0	0.0	0.0	0.0	0.0	0.0	0.0	0.0	0.0	0.0	0.0
d__Bacteria;p__Bacteroidota;c__Bacteroidia;o__Bacteroidales;f__Prevotellaceae;g__Prevotellaceae_UCG-004	0.0	0.0	0.0	0.0	0.0	0.0	0.0	0.0	0.0	0.0	0.0	0.0	0.0	0.0	0.0	0.0	0.0	0.0	0.0	0.0	0.0	0.0	0.0	0.0	0.0	0.0	0.0	0.0	0.0	0.0	0.0	0.0	0.0	0.0	0.0	0.0	0.0	0.0	0.0	0.0	0.0	0.0	0.0	0.0	0.0	0.0	0.0	0.0	0.0	0.0	0.0	0.0	0.0	0.0	0.0	0.0	0.0	0.0	0.0	0.0	44.0	0.0	0.0	0.0	0.0	0.0	0.0	0.0	0.0	0.0	0.0	0.0	0.0	0.0	0.0	0.0
d__Bacteria;p__Firmicutes;c__Clostridia;o__Lachnospirales;f__Lachnospiraceae;g__Marvinbryantia	0.0	0.0	0.0	0.0	0.0	0.0	0.0	0.0	0.0	0.0	0.0	0.0	0.0	0.0	0.0	0.0	0.0	0.0	0.0	0.0	0.0	0.0	0.0	0.0	0.0	0.0	0.0	0.0	0.0	0.0	0.0	0.0	0.0	0.0	12.0	0.0	0.0	0.0	0.0	0.0	0.0	0.0	0.0	0.0	0.0	0.0	0.0	0.0	0.0	0.0	0.0	0.0	0.0	0.0	0.0	0.0	0.0	0.0	0.0	0.0	28.0	0.0	0.0	0.0	0.0	0.0	0.0	0.0	0.0	0.0	0.0	0.0	0.0	0.0	0.0	0.0
d__Bacteria;p__Spirochaetota;c__Brachyspirae;o__Brachyspirales;f__Brachyspiraceae;g__Brachyspira	0.0	0.0	0.0	0.0	0.0	0.0	0.0	0.0	0.0	0.0	0.0	0.0	0.0	0.0	0.0	0.0	0.0	0.0	0.0	0.0	0.0	0.0	0.0	0.0	0.0	0.0	0.0	0.0	0.0	0.0	0.0	0.0	0.0	0.0	0.0	0.0	0.0	0.0	0.0	0.0	0.0	0.0	0.0	0.0	0.0	0.0	0.0	0.0	0.0	0.0	0.0	0.0	0.0	0.0	0.0	0.0	0.0	0.0	0.0	38.0	0.0	0.0	0.0	0.0	0.0	0.0	0.0	0.0	0.0	0.0	0.0	0.0	0.0	0.0	0.0	0.0
d__Bacteria;p__Firmicutes;c__Clostridia;o__Lachnospirales;f__Lachnospiraceae;g__Hungatella	0.0	0.0	0.0	0.0	0.0	0.0	0.0	0.0	0.0	0.0	0.0	8.0	0.0	0.0	0.0	0.0	0.0	0.0	13.0	0.0	0.0	0.0	0.0	0.0	0.0	0.0	0.0	0.0	0.0	0.0	0.0	0.0	0.0	0.0	0.0	0.0	0.0	0.0	0.0	0.0	0.0	0.0	0.0	0.0	0.0	0.0	0.0	0.0	0.0	0.0	0.0	0.0	0.0	0.0	0.0	13.0	9.0	0.0	0.0	0.0	0.0	0.0	0.0	0.0	0.0	0.0	0.0	0.0	0.0	16.0	0.0	0.0	0.0	0.0	0.0	0.0
d__Bacteria;p__Actinobacteriota;c__Coriobacteriia;o__Coriobacteriales;f__Eggerthellaceae;g__Eggerthella	0.0	8.0	0.0	0.0	0.0	0.0	0.0	0.0	0.0	0.0	0.0	0.0	0.0	0.0	0.0	0.0	0.0	0.0	4.0	0.0	0.0	0.0	0.0	0.0	0.0	0.0	0.0	0.0	3.0	0.0	0.0	0.0	0.0	0.0	0.0	0.0	9.0	0.0	2.0	0.0	0.0	0.0	0.0	0.0	0.0	0.0	2.0	0.0	0.0	0.0	0.0	0.0	0.0	0.0	0.0	7.0	0.0	0.0	0.0	0.0	0.0	0.0	0.0	0.0	0.0	0.0	0.0	0.0	0.0	0.0	0.0	0.0	0.0	0.0	0.0	0.0
d__Bacteria;p__Firmicutes;c__Clostridia;o__Peptostreptococcales-Tissierellales;f__Anaerovoracaceae;g__Family_XIII_AD3011_group	0.0	0.0	0.0	0.0	0.0	0.0	0.0	0.0	0.0	0.0	0.0	0.0	0.0	0.0	0.0	0.0	0.0	0.0	0.0	0.0	0.0	0.0	0.0	0.0	11.0	0.0	0.0	0.0	0.0	0.0	0.0	0.0	0.0	0.0	0.0	0.0	0.0	0.0	0.0	0.0	0.0	0.0	0.0	0.0	0.0	0.0	0.0	0.0	0.0	0.0	0.0	0.0	0.0	7.0	0.0	0.0	0.0	0.0	0.0	0.0	47.0	0.0	0.0	0.0	0.0	0.0	0.0	0.0	0.0	9.0	0.0	0.0	0.0	0.0	2.0	0.0
d__Bacteria;p__Firmicutes;c__Clostridia;o__Lachnospirales;f__Lachnospiraceae;g__Lachnospiraceae_UCG-003	0.0	0.0	0.0	0.0	0.0	0.0	0.0	0.0	0.0	0.0	0.0	0.0	0.0	0.0	0.0	0.0	0.0	0.0	0.0	0.0	0.0	0.0	0.0	0.0	0.0	0.0	0.0	0.0	0.0	0.0	0.0	0.0	0.0	0.0	0.0	0.0	23.0	0.0	0.0	9.0	0.0	0.0	0.0	0.0	0.0	0.0	0.0	0.0	8.0	0.0	0.0	0.0	0.0	0.0	0.0	0.0	0.0	0.0	0.0	0.0	0.0	0.0	0.0	0.0	0.0	0.0	0.0	0.0	0.0	0.0	0.0	0.0	0.0	0.0	0.0	0.0
d__Bacteria;p__Proteobacteria;c__Alphaproteobacteria;o__Rhodospirillales;f__uncultured;g__uncultured	0.0	0.0	0.0	0.0	0.0	0.0	0.0	0.0	0.0	0.0	0.0	0.0	0.0	0.0	0.0	0.0	0.0	0.0	0.0	0.0	0.0	0.0	0.0	0.0	0.0	0.0	0.0	0.0	0.0	0.0	0.0	0.0	0.0	0.0	0.0	0.0	0.0	0.0	0.0	0.0	29.0	0.0	0.0	0.0	0.0	0.0	0.0	0.0	0.0	0.0	0.0	0.0	0.0	0.0	0.0	0.0	0.0	16.0	0.0	0.0	0.0	0.0	0.0	0.0	0.0	0.0	0.0	2.0	0.0	0.0	0.0	0.0	0.0	0.0	0.0	0.0
d__Bacteria;p__Firmicutes;c__Clostridia;o__Peptostreptococcales-Tissierellales;f__Anaerovoracaceae;__	0.0	0.0	0.0	0.0	0.0	0.0	0.0	0.0	0.0	0.0	0.0	0.0	0.0	0.0	0.0	0.0	0.0	0.0	0.0	0.0	0.0	0.0	5.0	0.0	0.0	0.0	0.0	0.0	0.0	0.0	0.0	0.0	0.0	0.0	0.0	0.0	0.0	0.0	0.0	0.0	8.0	0.0	0.0	3.0	0.0	0.0	0.0	0.0	0.0	0.0	0.0	0.0	0.0	0.0	0.0	0.0	0.0	0.0	7.0	0.0	0.0	0.0	0.0	0.0	0.0	0.0	0.0	0.0	0.0	5.0	0.0	0.0	0.0	0.0	5.0	2.0
d__Bacteria;p__Fusobacteriota;c__Fusobacteriia;o__Fusobacteriales;f__Leptotrichiaceae;g__Oceanivirga	0.0	0.0	0.0	0.0	0.0	0.0	0.0	0.0	0.0	0.0	0.0	0.0	0.0	0.0	0.0	0.0	0.0	0.0	0.0	0.0	0.0	0.0	0.0	0.0	0.0	0.0	0.0	0.0	0.0	0.0	0.0	0.0	0.0	0.0	0.0	0.0	0.0	0.0	0.0	0.0	0.0	0.0	0.0	0.0	0.0	29.0	0.0	0.0	0.0	0.0	0.0	0.0	0.0	0.0	0.0	0.0	0.0	0.0	0.0	0.0	0.0	0.0	0.0	0.0	0.0	0.0	0.0	0.0	0.0	0.0	0.0	0.0	0.0	0.0	0.0	0.0
d__Bacteria;p__Firmicutes;c__Clostridia;o__Lachnospirales;f__Lachnospiraceae;g__[Bacteroides]_pectinophilus_group	0.0	0.0	0.0	0.0	0.0	0.0	0.0	0.0	0.0	0.0	0.0	0.0	0.0	0.0	0.0	0.0	0.0	0.0	0.0	0.0	0.0	0.0	0.0	0.0	0.0	0.0	0.0	0.0	0.0	0.0	0.0	0.0	0.0	0.0	0.0	0.0	0.0	0.0	0.0	0.0	0.0	0.0	0.0	0.0	0.0	0.0	0.0	0.0	0.0	17.0	0.0	0.0	0.0	2.0	0.0	0.0	0.0	0.0	0.0	0.0	12.0	0.0	0.0	0.0	0.0	0.0	0.0	0.0	0.0	0.0	0.0	0.0	0.0	0.0	0.0	0.0
d__Bacteria;p__Firmicutes;c__Bacilli;o__Bacillales;f__Bacillaceae;g__Bacillus	0.0	0.0	0.0	0.0	0.0	2.0	0.0	0.0	0.0	0.0	0.0	0.0	0.0	0.0	25.0	0.0	0.0	0.0	0.0	0.0	0.0	0.0	0.0	0.0	0.0	0.0	0.0	0.0	0.0	0.0	0.0	0.0	0.0	0.0	0.0	0.0	0.0	0.0	0.0	0.0	0.0	0.0	0.0	0.0	0.0	0.0	0.0	0.0	0.0	0.0	0.0	0.0	0.0	0.0	0.0	29.0	0.0	0.0	0.0	0.0	0.0	4.0	0.0	0.0	0.0	0.0	0.0	0.0	0.0	0.0	0.0	0.0	0.0	0.0	0.0	0.0
d__Bacteria;p__Bacteroidota;c__Bacteroidia;o__Bacteroidales;f__uncultured;g__uncultured	0.0	0.0	0.0	0.0	0.0	0.0	0.0	0.0	0.0	0.0	0.0	0.0	0.0	0.0	0.0	0.0	0.0	0.0	0.0	0.0	0.0	28.0	0.0	0.0	0.0	0.0	0.0	0.0	0.0	0.0	0.0	0.0	0.0	0.0	0.0	0.0	0.0	0.0	0.0	0.0	0.0	0.0	0.0	0.0	0.0	0.0	0.0	0.0	0.0	0.0	0.0	0.0	0.0	0.0	0.0	0.0	0.0	0.0	17.0	0.0	0.0	0.0	0.0	0.0	0.0	0.0	0.0	0.0	0.0	0.0	0.0	0.0	0.0	0.0	0.0	0.0
d__Bacteria;p__Firmicutes;c__Clostridia;o__Peptostreptococcales-Tissierellales;f__Peptostreptococcales-Tissierellales;g__Fenollaria	0.0	0.0	0.0	0.0	0.0	0.0	0.0	0.0	0.0	0.0	0.0	0.0	0.0	0.0	0.0	0.0	0.0	0.0	0.0	0.0	0.0	0.0	0.0	0.0	0.0	0.0	0.0	0.0	0.0	0.0	0.0	0.0	0.0	0.0	0.0	0.0	0.0	0.0	0.0	0.0	0.0	0.0	0.0	0.0	0.0	18.0	0.0	0.0	0.0	0.0	0.0	0.0	0.0	0.0	0.0	0.0	0.0	0.0	0.0	0.0	0.0	0.0	0.0	0.0	0.0	0.0	0.0	0.0	0.0	8.0	0.0	0.0	0.0	0.0	0.0	0.0
d__Bacteria;p__Actinobacteriota;c__Actinobacteria;o__Actinomycetales;f__Actinomycetaceae;g__Actinomyces	0.0	0.0	0.0	0.0	0.0	0.0	0.0	0.0	0.0	0.0	0.0	0.0	0.0	0.0	0.0	0.0	0.0	0.0	0.0	0.0	0.0	0.0	0.0	0.0	0.0	0.0	0.0	0.0	0.0	3.0	0.0	0.0	0.0	0.0	0.0	0.0	0.0	0.0	0.0	0.0	0.0	0.0	0.0	6.0	0.0	3.0	0.0	0.0	0.0	0.0	0.0	0.0	0.0	0.0	0.0	0.0	0.0	0.0	0.0	0.0	0.0	0.0	0.0	0.0	0.0	0.0	0.0	0.0	0.0	0.0	0.0	0.0	13.0	0.0	3.0	0.0
d__Bacteria;p__Bacteroidota;c__Bacteroidia;o__Bacteroidales;f__Porphyromonadaceae;g__Porphyromonas	0.0	0.0	0.0	0.0	0.0	0.0	0.0	0.0	0.0	0.0	0.0	0.0	0.0	0.0	0.0	0.0	0.0	0.0	0.0	0.0	0.0	0.0	0.0	0.0	0.0	0.0	0.0	0.0	0.0	0.0	0.0	0.0	0.0	0.0	0.0	0.0	0.0	0.0	0.0	0.0	0.0	0.0	0.0	0.0	0.0	6.0	0.0	0.0	0.0	0.0	0.0	0.0	0.0	0.0	0.0	0.0	0.0	0.0	0.0	0.0	0.0	0.0	0.0	0.0	0.0	0.0	0.0	0.0	0.0	15.0	0.0	0.0	0.0	0.0	0.0	0.0
d__Bacteria;p__Firmicutes;c__Clostridia;o__Oscillospirales;f__Butyricicoccaceae;g__UCG-009	0.0	0.0	0.0	0.0	0.0	0.0	3.0	0.0	0.0	0.0	0.0	0.0	0.0	9.0	0.0	0.0	0.0	0.0	0.0	0.0	0.0	0.0	0.0	0.0	9.0	0.0	0.0	3.0	0.0	0.0	0.0	0.0	0.0	0.0	0.0	0.0	0.0	7.0	0.0	0.0	2.0	0.0	0.0	0.0	0.0	0.0	0.0	0.0	0.0	0.0	0.0	0.0	3.0	0.0	0.0	0.0	0.0	2.0	0.0	0.0	14.0	0.0	0.0	0.0	0.0	0.0	0.0	0.0	0.0	0.0	0.0	0.0	0.0	0.0	0.0	0.0
d__Bacteria;p__Firmicutes;c__Clostridia;__;__;__	4.0	0.0	0.0	0.0	0.0	6.0	0.0	0.0	0.0	0.0	0.0	0.0	0.0	0.0	0.0	0.0	0.0	0.0	0.0	0.0	0.0	0.0	0.0	0.0	0.0	0.0	0.0	2.0	0.0	0.0	0.0	0.0	0.0	0.0	6.0	0.0	0.0	0.0	0.0	0.0	0.0	0.0	0.0	0.0	0.0	0.0	0.0	0.0	0.0	0.0	0.0	0.0	0.0	0.0	0.0	0.0	0.0	0.0	2.0	0.0	14.0	0.0	20.0	0.0	0.0	0.0	0.0	0.0	0.0	0.0	0.0	0.0	0.0	0.0	0.0	0.0
d__Bacteria;p__Proteobacteria;c__Gammaproteobacteria;o__Aeromonadales;f__Succinivibrionaceae;g__Succinivibrio	0.0	0.0	0.0	0.0	0.0	0.0	0.0	0.0	0.0	0.0	0.0	0.0	0.0	0.0	0.0	0.0	0.0	0.0	0.0	0.0	0.0	0.0	0.0	0.0	0.0	0.0	0.0	0.0	0.0	0.0	0.0	0.0	0.0	0.0	17.0	0.0	0.0	0.0	0.0	0.0	0.0	0.0	0.0	0.0	0.0	0.0	0.0	0.0	0.0	0.0	0.0	0.0	0.0	0.0	0.0	0.0	0.0	0.0	8.0	0.0	0.0	0.0	0.0	0.0	0.0	0.0	0.0	0.0	0.0	0.0	0.0	0.0	0.0	0.0	0.0	13.0
d__Bacteria;p__Firmicutes;c__Bacilli;__;__;__	0.0	0.0	0.0	0.0	0.0	0.0	0.0	0.0	0.0	0.0	0.0	0.0	0.0	0.0	0.0	0.0	0.0	0.0	0.0	0.0	0.0	0.0	0.0	0.0	0.0	0.0	0.0	0.0	0.0	0.0	0.0	0.0	0.0	0.0	0.0	0.0	0.0	0.0	0.0	0.0	0.0	0.0	0.0	0.0	0.0	0.0	0.0	0.0	0.0	0.0	0.0	17.0	0.0	0.0	0.0	0.0	0.0	0.0	0.0	0.0	0.0	0.0	0.0	0.0	0.0	0.0	0.0	0.0	0.0	0.0	0.0	0.0	0.0	0.0	0.0	0.0
d__Bacteria;p__Firmicutes;c__Clostridia;o__Oscillospirales;f__Ruminococcaceae;g__Angelakisella	0.0	0.0	0.0	0.0	0.0	0.0	0.0	0.0	0.0	0.0	0.0	0.0	0.0	2.0	0.0	0.0	0.0	0.0	0.0	0.0	0.0	0.0	0.0	0.0	3.0	0.0	0.0	0.0	0.0	0.0	0.0	0.0	0.0	0.0	0.0	0.0	0.0	0.0	0.0	0.0	0.0	0.0	0.0	0.0	0.0	0.0	0.0	0.0	0.0	0.0	0.0	0.0	0.0	0.0	0.0	0.0	0.0	6.0	0.0	0.0	8.0	0.0	0.0	0.0	0.0	0.0	0.0	0.0	0.0	0.0	0.0	0.0	0.0	0.0	0.0	0.0
d__Bacteria;p__Firmicutes;c__Clostridia;o__Eubacteriales;f__Eubacteriaceae;g__Eubacterium	0.0	3.0	0.0	0.0	0.0	0.0	0.0	0.0	0.0	0.0	0.0	0.0	0.0	0.0	0.0	0.0	0.0	0.0	0.0	0.0	0.0	0.0	0.0	0.0	0.0	0.0	0.0	0.0	0.0	0.0	0.0	0.0	0.0	0.0	0.0	0.0	0.0	0.0	0.0	0.0	0.0	0.0	0.0	0.0	0.0	0.0	0.0	0.0	3.0	0.0	0.0	0.0	0.0	0.0	0.0	0.0	0.0	0.0	0.0	0.0	0.0	0.0	0.0	0.0	0.0	5.0	0.0	0.0	0.0	8.0	0.0	0.0	0.0	0.0	0.0	0.0
d__Bacteria;p__Firmicutes;c__Clostridia;o__Peptostreptococcales-Tissierellales;f__Anaerovoracaceae;g__[Eubacterium]_nodatum_group	0.0	0.0	0.0	0.0	0.0	0.0	0.0	5.0	0.0	0.0	0.0	0.0	0.0	0.0	0.0	0.0	0.0	0.0	0.0	0.0	0.0	0.0	0.0	0.0	0.0	0.0	0.0	0.0	0.0	0.0	0.0	0.0	0.0	0.0	0.0	0.0	0.0	0.0	0.0	0.0	0.0	0.0	0.0	0.0	0.0	0.0	0.0	0.0	0.0	0.0	0.0	0.0	0.0	0.0	0.0	0.0	0.0	0.0	16.0	2.0	0.0	0.0	0.0	0.0	0.0	0.0	0.0	0.0	0.0	0.0	0.0	0.0	0.0	0.0	0.0	0.0
d__Bacteria;p__Firmicutes;c__Negativicutes;o__Veillonellales-Selenomonadales;f__Veillonellaceae;g__uncultured	0.0	0.0	0.0	0.0	0.0	0.0	0.0	0.0	0.0	0.0	0.0	0.0	0.0	0.0	0.0	0.0	15.0	0.0	0.0	0.0	0.0	0.0	0.0	0.0	0.0	0.0	0.0	0.0	0.0	0.0	0.0	0.0	0.0	0.0	0.0	0.0	0.0	0.0	0.0	0.0	0.0	0.0	0.0	0.0	0.0	0.0	0.0	0.0	0.0	0.0	0.0	0.0	0.0	0.0	0.0	0.0	0.0	0.0	0.0	0.0	0.0	0.0	0.0	0.0	0.0	0.0	0.0	0.0	0.0	0.0	0.0	0.0	0.0	0.0	0.0	0.0
d__Bacteria;p__Firmicutes;c__Clostridia;o__Oscillospirales;f__Ruminococcaceae;g__Fournierella	0.0	0.0	0.0	0.0	0.0	0.0	0.0	0.0	0.0	0.0	0.0	0.0	0.0	0.0	0.0	0.0	0.0	0.0	0.0	0.0	0.0	9.0	0.0	0.0	0.0	0.0	0.0	0.0	0.0	0.0	0.0	0.0	0.0	0.0	0.0	0.0	0.0	0.0	0.0	0.0	0.0	0.0	0.0	0.0	0.0	0.0	0.0	0.0	0.0	0.0	0.0	0.0	0.0	0.0	0.0	0.0	0.0	0.0	0.0	0.0	0.0	0.0	0.0	0.0	0.0	0.0	0.0	0.0	0.0	0.0	0.0	0.0	0.0	0.0	6.0	0.0
d__Bacteria;p__Firmicutes;c__Clostridia;o__Lachnospirales;f__Lachnospiraceae;g__Lachnospiraceae_UCG-008	0.0	0.0	0.0	0.0	0.0	0.0	0.0	0.0	0.0	0.0	0.0	0.0	0.0	0.0	0.0	0.0	0.0	0.0	0.0	0.0	0.0	0.0	0.0	0.0	0.0	0.0	0.0	4.0	7.0	0.0	0.0	0.0	0.0	0.0	4.0	0.0	0.0	0.0	0.0	0.0	0.0	0.0	6.0	0.0	0.0	0.0	0.0	0.0	0.0	0.0	0.0	0.0	0.0	0.0	0.0	0.0	0.0	0.0	0.0	0.0	0.0	0.0	0.0	0.0	0.0	0.0	0.0	0.0	0.0	0.0	0.0	0.0	0.0	0.0	0.0	0.0
d__Bacteria;p__Firmicutes;c__Bacilli;o__Bacillales;f__Planococcaceae;g__Lysinibacillus	0.0	0.0	0.0	0.0	0.0	0.0	0.0	0.0	0.0	0.0	0.0	0.0	0.0	0.0	13.0	0.0	0.0	0.0	0.0	0.0	0.0	0.0	0.0	0.0	0.0	0.0	0.0	0.0	0.0	0.0	0.0	0.0	0.0	0.0	0.0	0.0	0.0	0.0	0.0	0.0	0.0	0.0	0.0	0.0	0.0	0.0	0.0	0.0	0.0	0.0	0.0	0.0	0.0	0.0	0.0	0.0	0.0	0.0	0.0	0.0	0.0	0.0	0.0	0.0	0.0	0.0	0.0	0.0	0.0	0.0	0.0	0.0	0.0	0.0	0.0	0.0
d__Bacteria;p__Firmicutes;c__Negativicutes;o__Acidaminococcales;f__Acidaminococcaceae;g__Phascolarctobacterium	0.0	0.0	0.0	0.0	0.0	0.0	0.0	0.0	0.0	0.0	0.0	0.0	0.0	0.0	0.0	0.0	0.0	0.0	0.0	0.0	0.0	4.0	0.0	0.0	0.0	0.0	0.0	9.0	0.0	0.0	0.0	0.0	0.0	0.0	0.0	0.0	0.0	0.0	0.0	0.0	0.0	0.0	0.0	0.0	0.0	0.0	0.0	0.0	0.0	0.0	0.0	0.0	0.0	0.0	0.0	0.0	0.0	0.0	0.0	0.0	0.0	0.0	0.0	0.0	0.0	0.0	0.0	0.0	0.0	0.0	0.0	0.0	0.0	0.0	0.0	0.0
d__Bacteria;p__Firmicutes;c__Clostridia;o__Oscillospirales;f__Oscillospiraceae;g__Oscillospira	0.0	0.0	0.0	0.0	0.0	0.0	0.0	0.0	0.0	0.0	0.0	0.0	0.0	0.0	0.0	0.0	0.0	0.0	0.0	0.0	0.0	0.0	0.0	0.0	0.0	0.0	0.0	0.0	0.0	0.0	0.0	0.0	0.0	0.0	0.0	0.0	0.0	0.0	0.0	0.0	0.0	0.0	0.0	0.0	0.0	0.0	0.0	0.0	0.0	0.0	0.0	0.0	0.0	0.0	0.0	0.0	0.0	0.0	0.0	0.0	12.0	0.0	0.0	0.0	0.0	0.0	0.0	0.0	0.0	0.0	0.0	0.0	0.0	0.0	0.0	0.0
d__Bacteria;p__Firmicutes;c__Clostridia;o__Peptostreptococcales-Tissierellales;f__Anaerovoracaceae;g__Family_XIII_UCG-001	0.0	0.0	0.0	0.0	0.0	0.0	0.0	0.0	0.0	2.0	0.0	0.0	0.0	0.0	0.0	0.0	0.0	0.0	0.0	0.0	0.0	0.0	0.0	0.0	2.0	0.0	0.0	0.0	0.0	0.0	0.0	0.0	0.0	0.0	0.0	0.0	0.0	0.0	0.0	0.0	0.0	0.0	0.0	0.0	0.0	4.0	0.0	0.0	0.0	0.0	0.0	0.0	0.0	0.0	0.0	0.0	0.0	5.0	0.0	0.0	0.0	0.0	5.0	0.0	3.0	0.0	0.0	0.0	0.0	0.0	0.0	0.0	0.0	0.0	0.0	0.0
d__Bacteria;p__Firmicutes;c__Clostridia;o__Clostridia_vadinBB60_group;f__Clostridia_vadinBB60_group;g__Clostridia_vadinBB60_group	5.0	0.0	0.0	0.0	0.0	0.0	0.0	10.0	0.0	0.0	0.0	0.0	0.0	0.0	0.0	0.0	0.0	0.0	0.0	0.0	0.0	0.0	0.0	0.0	0.0	0.0	0.0	0.0	0.0	0.0	0.0	0.0	0.0	0.0	19.0	0.0	0.0	0.0	0.0	0.0	0.0	0.0	0.0	0.0	0.0	0.0	0.0	0.0	0.0	0.0	0.0	0.0	0.0	0.0	0.0	0.0	0.0	0.0	0.0	0.0	11.0	0.0	5.0	0.0	0.0	0.0	0.0	0.0	0.0	0.0	0.0	0.0	0.0	0.0	0.0	0.0
d__Bacteria;p__Firmicutes;c__Bacilli;o__Lactobacillales;f__Carnobacteriaceae;g__Granulicatella	0.0	0.0	0.0	0.0	0.0	0.0	0.0	0.0	0.0	0.0	0.0	0.0	0.0	0.0	0.0	0.0	0.0	0.0	0.0	0.0	0.0	0.0	0.0	0.0	3.0	0.0	0.0	0.0	0.0	0.0	0.0	0.0	0.0	0.0	0.0	0.0	0.0	0.0	0.0	0.0	0.0	0.0	0.0	0.0	0.0	0.0	0.0	0.0	0.0	0.0	0.0	0.0	0.0	0.0	0.0	0.0	0.0	0.0	0.0	0.0	0.0	0.0	0.0	0.0	0.0	0.0	0.0	0.0	0.0	0.0	0.0	0.0	0.0	0.0	7.0	0.0
d__Bacteria;p__Firmicutes;c__Clostridia;o__Clostridiales;f__Clostridiaceae;__	0.0	0.0	0.0	0.0	0.0	0.0	0.0	0.0	0.0	0.0	0.0	0.0	0.0	0.0	8.0	0.0	0.0	0.0	0.0	0.0	0.0	0.0	0.0	0.0	0.0	0.0	0.0	0.0	0.0	0.0	0.0	0.0	0.0	0.0	0.0	0.0	0.0	0.0	0.0	0.0	0.0	0.0	0.0	0.0	0.0	0.0	0.0	0.0	0.0	0.0	0.0	0.0	0.0	0.0	0.0	0.0	0.0	0.0	0.0	0.0	0.0	0.0	0.0	0.0	0.0	0.0	0.0	0.0	0.0	0.0	0.0	0.0	0.0	0.0	0.0	0.0
d__Bacteria;p__Firmicutes;c__Clostridia;o__Christensenellales;f__Christensenellaceae;g__Christensenella	0.0	0.0	0.0	0.0	0.0	0.0	0.0	0.0	0.0	0.0	0.0	0.0	0.0	0.0	0.0	0.0	0.0	0.0	0.0	0.0	0.0	0.0	6.0	0.0	0.0	0.0	0.0	0.0	0.0	0.0	0.0	0.0	0.0	0.0	0.0	0.0	2.0	0.0	0.0	0.0	0.0	0.0	0.0	0.0	0.0	0.0	0.0	0.0	0.0	0.0	0.0	0.0	0.0	0.0	0.0	0.0	0.0	0.0	0.0	0.0	0.0	0.0	0.0	0.0	0.0	0.0	0.0	0.0	0.0	0.0	0.0	0.0	0.0	0.0	0.0	0.0
d__Bacteria;p__Actinobacteriota;c__Coriobacteriia;o__Coriobacteriales;f__Eggerthellaceae;g__Gordonibacter	0.0	0.0	0.0	0.0	0.0	0.0	0.0	0.0	0.0	0.0	0.0	0.0	0.0	0.0	0.0	0.0	0.0	0.0	0.0	0.0	0.0	0.0	6.0	0.0	0.0	0.0	0.0	0.0	0.0	0.0	0.0	0.0	0.0	0.0	0.0	0.0	0.0	0.0	0.0	2.0	0.0	0.0	0.0	0.0	0.0	0.0	0.0	0.0	0.0	0.0	0.0	0.0	0.0	0.0	0.0	0.0	0.0	0.0	0.0	0.0	0.0	0.0	0.0	0.0	0.0	0.0	0.0	0.0	0.0	0.0	0.0	0.0	0.0	0.0	0.0	2.0
d__Bacteria;p__Spirochaetota;c__Spirochaetia;o__Spirochaetales;f__Spirochaetaceae;g__Treponema	0.0	0.0	0.0	0.0	0.0	0.0	0.0	0.0	0.0	0.0	0.0	0.0	0.0	0.0	0.0	0.0	0.0	0.0	0.0	0.0	0.0	0.0	0.0	0.0	0.0	0.0	0.0	0.0	0.0	0.0	0.0	0.0	0.0	0.0	0.0	0.0	0.0	0.0	0.0	8.0	0.0	0.0	0.0	0.0	0.0	0.0	0.0	0.0	0.0	0.0	0.0	0.0	0.0	0.0	0.0	0.0	0.0	0.0	0.0	0.0	0.0	0.0	0.0	0.0	0.0	0.0	0.0	0.0	0.0	0.0	0.0	0.0	0.0	0.0	0.0	0.0
d__Bacteria;p__Proteobacteria;c__Gammaproteobacteria;o__Pasteurellales;f__Pasteurellaceae;__	0.0	0.0	0.0	0.0	0.0	0.0	0.0	0.0	0.0	0.0	0.0	0.0	0.0	0.0	0.0	0.0	0.0	0.0	0.0	0.0	0.0	0.0	0.0	0.0	0.0	0.0	0.0	0.0	0.0	0.0	0.0	0.0	0.0	0.0	0.0	0.0	0.0	0.0	0.0	0.0	0.0	0.0	0.0	0.0	0.0	0.0	0.0	0.0	0.0	8.0	0.0	0.0	0.0	0.0	0.0	0.0	0.0	0.0	0.0	0.0	0.0	0.0	0.0	0.0	0.0	0.0	0.0	0.0	0.0	0.0	0.0	0.0	0.0	0.0	0.0	0.0
d__Bacteria;p__Actinobacteriota;c__Actinobacteria;o__Propionibacteriales;f__Propionibacteriaceae;g__Cutibacterium	0.0	0.0	0.0	3.0	0.0	0.0	0.0	0.0	0.0	0.0	0.0	0.0	0.0	0.0	0.0	0.0	0.0	0.0	0.0	0.0	0.0	0.0	0.0	0.0	0.0	0.0	0.0	0.0	0.0	0.0	0.0	0.0	0.0	0.0	0.0	0.0	0.0	0.0	0.0	0.0	0.0	0.0	0.0	0.0	0.0	0.0	0.0	0.0	0.0	0.0	0.0	0.0	0.0	0.0	0.0	0.0	0.0	0.0	0.0	0.0	0.0	0.0	0.0	0.0	0.0	0.0	0.0	0.0	4.0	0.0	0.0	0.0	0.0	0.0	0.0	0.0
d__Bacteria;p__Actinobacteriota;c__Coriobacteriia;o__Coriobacteriales;f__Coriobacteriales_Incertae_Sedis;g__Raoultibacter	0.0	0.0	0.0	0.0	0.0	0.0	0.0	0.0	7.0	0.0	0.0	0.0	0.0	0.0	0.0	0.0	0.0	0.0	0.0	0.0	0.0	0.0	0.0	0.0	0.0	0.0	0.0	0.0	0.0	0.0	0.0	0.0	0.0	0.0	0.0	0.0	0.0	0.0	0.0	0.0	0.0	0.0	0.0	0.0	0.0	0.0	0.0	0.0	0.0	0.0	0.0	0.0	0.0	0.0	0.0	0.0	0.0	0.0	0.0	0.0	0.0	0.0	0.0	0.0	0.0	0.0	0.0	0.0	0.0	0.0	0.0	0.0	0.0	0.0	0.0	0.0
d__Bacteria;p__Proteobacteria;c__Gammaproteobacteria;o__Burkholderiales;f__Oxalobacteraceae;__	0.0	0.0	0.0	0.0	0.0	0.0	0.0	0.0	0.0	0.0	0.0	0.0	0.0	0.0	3.0	0.0	0.0	0.0	0.0	0.0	0.0	0.0	0.0	0.0	4.0	0.0	0.0	0.0	0.0	0.0	0.0	0.0	0.0	0.0	0.0	0.0	0.0	0.0	0.0	0.0	0.0	0.0	0.0	0.0	0.0	0.0	0.0	0.0	0.0	0.0	0.0	0.0	0.0	0.0	0.0	0.0	0.0	0.0	0.0	0.0	0.0	0.0	0.0	0.0	0.0	0.0	0.0	0.0	0.0	0.0	0.0	0.0	0.0	0.0	0.0	0.0
d__Bacteria;p__Firmicutes;c__Clostridia;o__Oscillospirales;f__Ruminococcaceae;g__Paludicola	0.0	0.0	0.0	0.0	0.0	0.0	0.0	0.0	0.0	0.0	0.0	0.0	0.0	0.0	0.0	0.0	0.0	0.0	0.0	0.0	0.0	3.0	0.0	0.0	0.0	0.0	0.0	0.0	0.0	0.0	0.0	0.0	0.0	0.0	0.0	0.0	0.0	0.0	0.0	0.0	0.0	0.0	0.0	0.0	0.0	4.0	0.0	0.0	0.0	0.0	0.0	0.0	0.0	0.0	0.0	0.0	0.0	0.0	0.0	0.0	0.0	0.0	0.0	0.0	0.0	0.0	0.0	0.0	0.0	0.0	0.0	0.0	0.0	3.0	0.0	0.0
d__Bacteria;p__Firmicutes;c__Clostridia;o__Oscillospirales;f__[Clostridium]_methylpentosum_group;g__[Clostridium]_methylpentosum_group	0.0	0.0	0.0	0.0	0.0	0.0	0.0	0.0	0.0	0.0	0.0	0.0	0.0	0.0	0.0	0.0	0.0	0.0	0.0	0.0	0.0	0.0	4.0	0.0	0.0	0.0	0.0	0.0	0.0	0.0	0.0	0.0	0.0	0.0	0.0	0.0	0.0	0.0	0.0	0.0	0.0	0.0	0.0	0.0	0.0	0.0	0.0	0.0	0.0	0.0	0.0	0.0	0.0	0.0	0.0	0.0	0.0	0.0	0.0	0.0	0.0	0.0	0.0	0.0	0.0	0.0	0.0	0.0	0.0	0.0	0.0	0.0	3.0	0.0	0.0	0.0
d__Bacteria;p__Verrucomicrobiota;c__Lentisphaeria;o__Victivallales;f__Victivallaceae;g__Victivallis	0.0	0.0	0.0	0.0	0.0	0.0	0.0	0.0	0.0	0.0	0.0	0.0	0.0	0.0	0.0	0.0	0.0	0.0	0.0	0.0	0.0	0.0	0.0	0.0	0.0	0.0	0.0	0.0	0.0	0.0	0.0	0.0	0.0	0.0	5.0	0.0	0.0	0.0	0.0	0.0	0.0	0.0	0.0	0.0	0.0	0.0	0.0	0.0	0.0	0.0	0.0	0.0	0.0	0.0	0.0	0.0	0.0	2.0	0.0	0.0	0.0	0.0	0.0	0.0	0.0	0.0	0.0	0.0	0.0	0.0	0.0	0.0	0.0	0.0	0.0	0.0
d__Bacteria;p__Bacteroidota;c__Bacteroidia;o__Bacteroidales;f__Barnesiellaceae;g__uncultured	0.0	0.0	0.0	0.0	0.0	0.0	0.0	0.0	0.0	0.0	0.0	0.0	0.0	0.0	0.0	0.0	0.0	0.0	0.0	0.0	0.0	0.0	0.0	0.0	0.0	0.0	0.0	0.0	0.0	0.0	0.0	0.0	0.0	0.0	0.0	0.0	0.0	0.0	0.0	0.0	0.0	0.0	0.0	0.0	0.0	0.0	0.0	0.0	0.0	0.0	0.0	0.0	0.0	0.0	0.0	0.0	0.0	7.0	0.0	0.0	0.0	0.0	0.0	0.0	0.0	0.0	0.0	0.0	0.0	0.0	0.0	0.0	0.0	0.0	0.0	0.0
d__Bacteria;p__Firmicutes;c__Clostridia;o__Christensenellales;f__Christensenellaceae;g__uncultured	0.0	0.0	0.0	0.0	0.0	0.0	0.0	0.0	0.0	0.0	0.0	0.0	0.0	0.0	0.0	0.0	0.0	0.0	0.0	0.0	0.0	0.0	0.0	0.0	4.0	0.0	0.0	0.0	0.0	0.0	0.0	0.0	0.0	0.0	0.0	0.0	0.0	0.0	0.0	0.0	0.0	0.0	0.0	0.0	0.0	0.0	0.0	0.0	0.0	0.0	0.0	0.0	0.0	0.0	0.0	0.0	0.0	0.0	3.0	0.0	7.0	0.0	0.0	0.0	0.0	0.0	0.0	0.0	0.0	0.0	0.0	0.0	0.0	0.0	0.0	0.0
d__Bacteria;p__Desulfobacterota;c__Desulfovibrionia;o__Desulfovibrionales;f__Desulfovibrionaceae;g__uncultured	0.0	0.0	0.0	0.0	0.0	0.0	0.0	0.0	0.0	0.0	0.0	0.0	0.0	0.0	0.0	0.0	0.0	0.0	0.0	0.0	0.0	0.0	0.0	0.0	0.0	0.0	0.0	0.0	0.0	0.0	0.0	0.0	0.0	0.0	6.0	0.0	0.0	0.0	0.0	0.0	0.0	0.0	0.0	0.0	0.0	0.0	0.0	0.0	0.0	0.0	0.0	0.0	0.0	0.0	0.0	0.0	0.0	0.0	0.0	0.0	0.0	0.0	0.0	0.0	0.0	0.0	0.0	0.0	0.0	0.0	0.0	0.0	0.0	0.0	0.0	0.0
d__Bacteria;p__Firmicutes;c__Clostridia;o__Lachnospirales;__;__	0.0	0.0	0.0	0.0	0.0	0.0	0.0	0.0	0.0	0.0	0.0	0.0	0.0	0.0	0.0	0.0	0.0	0.0	0.0	0.0	0.0	0.0	0.0	0.0	0.0	0.0	0.0	0.0	0.0	0.0	0.0	0.0	0.0	0.0	0.0	0.0	0.0	0.0	0.0	0.0	0.0	0.0	0.0	0.0	0.0	0.0	0.0	0.0	0.0	0.0	0.0	0.0	0.0	0.0	0.0	6.0	0.0	0.0	0.0	0.0	0.0	0.0	0.0	0.0	0.0	0.0	0.0	0.0	0.0	0.0	0.0	0.0	0.0	0.0	0.0	0.0
d__Bacteria;p__Firmicutes;c__Clostridia;o__Peptostreptococcales-Tissierellales;f__Anaerovoracaceae;g__[Eubacterium]_brachy_group	0.0	0.0	0.0	0.0	0.0	0.0	0.0	0.0	0.0	0.0	0.0	0.0	0.0	0.0	0.0	0.0	0.0	0.0	0.0	0.0	0.0	0.0	0.0	0.0	0.0	0.0	0.0	0.0	0.0	0.0	0.0	0.0	0.0	0.0	0.0	0.0	0.0	0.0	0.0	0.0	0.0	0.0	0.0	0.0	0.0	0.0	0.0	0.0	0.0	0.0	0.0	0.0	0.0	0.0	0.0	0.0	0.0	0.0	6.0	0.0	0.0	0.0	0.0	0.0	0.0	0.0	0.0	0.0	0.0	0.0	0.0	0.0	0.0	0.0	0.0	0.0
d__Bacteria;p__Firmicutes;c__Clostridia;o__Oscillospirales;f__Ruminococcaceae;g__DTU089	0.0	0.0	0.0	0.0	0.0	0.0	0.0	0.0	0.0	0.0	0.0	0.0	0.0	0.0	0.0	0.0	0.0	0.0	0.0	0.0	0.0	0.0	0.0	0.0	0.0	0.0	0.0	0.0	0.0	0.0	0.0	0.0	0.0	0.0	0.0	0.0	0.0	0.0	0.0	0.0	0.0	0.0	0.0	0.0	0.0	0.0	0.0	0.0	0.0	0.0	0.0	0.0	0.0	0.0	0.0	0.0	0.0	0.0	0.0	6.0	0.0	0.0	0.0	0.0	0.0	0.0	0.0	0.0	0.0	0.0	0.0	0.0	0.0	0.0	0.0	0.0
d__Archaea;p__Euryarchaeota;c__Methanobacteria;o__Methanobacteriales;f__Methanobacteriaceae;g__Methanobrevibacter	0.0	0.0	0.0	0.0	0.0	0.0	0.0	0.0	0.0	0.0	0.0	0.0	0.0	0.0	0.0	0.0	0.0	0.0	0.0	0.0	0.0	0.0	0.0	0.0	0.0	0.0	0.0	0.0	0.0	0.0	0.0	0.0	0.0	0.0	0.0	0.0	0.0	0.0	0.0	0.0	0.0	0.0	0.0	0.0	0.0	0.0	0.0	0.0	0.0	0.0	0.0	0.0	0.0	0.0	0.0	0.0	0.0	0.0	0.0	0.0	6.0	0.0	0.0	0.0	0.0	0.0	0.0	0.0	0.0	0.0	0.0	0.0	0.0	0.0	0.0	0.0
d__Bacteria;p__Firmicutes;c__Negativicutes;o__Veillonellales-Selenomonadales;f__Veillonellaceae;g__Veillonella	0.0	0.0	0.0	0.0	0.0	0.0	0.0	0.0	0.0	0.0	0.0	0.0	0.0	0.0	0.0	0.0	0.0	0.0	0.0	0.0	0.0	0.0	0.0	0.0	0.0	0.0	0.0	0.0	0.0	0.0	0.0	0.0	0.0	0.0	0.0	0.0	0.0	0.0	0.0	0.0	0.0	0.0	0.0	0.0	0.0	0.0	0.0	0.0	0.0	0.0	0.0	0.0	0.0	0.0	0.0	0.0	0.0	0.0	0.0	0.0	0.0	0.0	0.0	0.0	0.0	0.0	0.0	0.0	0.0	0.0	0.0	0.0	6.0	0.0	0.0	0.0
d__Bacteria;p__Actinobacteriota;c__Actinobacteria;o__Micrococcales;f__Micrococcaceae;g__Rothia	0.0	0.0	0.0	0.0	0.0	0.0	0.0	0.0	0.0	0.0	0.0	0.0	0.0	0.0	0.0	0.0	0.0	0.0	0.0	0.0	0.0	0.0	0.0	0.0	0.0	0.0	0.0	0.0	0.0	0.0	0.0	0.0	5.0	0.0	0.0	0.0	0.0	0.0	0.0	0.0	0.0	0.0	0.0	0.0	0.0	0.0	0.0	0.0	0.0	0.0	0.0	0.0	0.0	0.0	0.0	0.0	0.0	0.0	0.0	0.0	0.0	0.0	0.0	0.0	0.0	0.0	0.0	0.0	0.0	0.0	0.0	0.0	0.0	0.0	0.0	0.0
d__Bacteria;p__Firmicutes;c__Bacilli;o__Izemoplasmatales;f__Izemoplasmatales;g__Izemoplasmatales	0.0	0.0	0.0	0.0	0.0	0.0	0.0	0.0	0.0	0.0	0.0	0.0	0.0	0.0	0.0	0.0	0.0	0.0	0.0	0.0	0.0	0.0	0.0	0.0	0.0	0.0	0.0	0.0	0.0	0.0	0.0	0.0	0.0	0.0	5.0	0.0	0.0	0.0	0.0	0.0	0.0	0.0	0.0	0.0	0.0	0.0	0.0	0.0	0.0	0.0	0.0	0.0	0.0	0.0	0.0	0.0	0.0	0.0	0.0	0.0	0.0	0.0	0.0	0.0	0.0	0.0	0.0	0.0	0.0	0.0	0.0	0.0	0.0	0.0	0.0	0.0
d__Bacteria;p__Firmicutes;c__Clostridia;o__Lachnospirales;f__Lachnospiraceae;g__Anaerostignum	0.0	0.0	0.0	0.0	0.0	0.0	0.0	0.0	0.0	0.0	0.0	0.0	0.0	0.0	0.0	0.0	0.0	0.0	0.0	0.0	0.0	0.0	0.0	0.0	0.0	0.0	0.0	0.0	0.0	0.0	0.0	0.0	0.0	0.0	0.0	0.0	0.0	0.0	0.0	0.0	0.0	0.0	0.0	0.0	0.0	0.0	0.0	0.0	0.0	0.0	0.0	0.0	0.0	0.0	0.0	0.0	5.0	0.0	0.0	0.0	0.0	0.0	0.0	0.0	0.0	0.0	0.0	0.0	0.0	0.0	0.0	0.0	0.0	0.0	0.0	0.0
d__Bacteria;p__Firmicutes;c__Clostridia;o__Oscillospirales;f__Ruminococcaceae;g__Candidatus_Soleaferrea	0.0	0.0	0.0	0.0	0.0	0.0	0.0	0.0	0.0	0.0	0.0	0.0	0.0	0.0	0.0	0.0	0.0	0.0	0.0	0.0	0.0	0.0	0.0	0.0	0.0	0.0	0.0	0.0	0.0	0.0	0.0	0.0	0.0	0.0	0.0	0.0	0.0	0.0	0.0	0.0	0.0	0.0	0.0	0.0	0.0	0.0	0.0	0.0	0.0	0.0	0.0	0.0	0.0	0.0	0.0	0.0	0.0	0.0	2.0	0.0	2.0	0.0	0.0	0.0	0.0	0.0	0.0	0.0	0.0	0.0	0.0	0.0	3.0	0.0	0.0	0.0
d__Bacteria;p__Firmicutes;c__Clostridia;o__Peptococcales;f__Peptococcaceae;g__uncultured	0.0	0.0	0.0	0.0	0.0	0.0	0.0	0.0	0.0	0.0	0.0	0.0	0.0	0.0	0.0	0.0	0.0	0.0	0.0	0.0	0.0	0.0	0.0	0.0	0.0	0.0	0.0	0.0	0.0	0.0	0.0	0.0	0.0	0.0	0.0	0.0	0.0	0.0	0.0	0.0	0.0	0.0	0.0	0.0	0.0	0.0	0.0	0.0	0.0	0.0	0.0	0.0	0.0	0.0	0.0	0.0	0.0	0.0	0.0	5.0	0.0	0.0	0.0	0.0	0.0	0.0	0.0	0.0	0.0	0.0	0.0	0.0	0.0	0.0	0.0	0.0
d__Bacteria;p__Proteobacteria;c__Gammaproteobacteria;o__Enterobacterales;f__Morganellaceae;g__Proteus	0.0	0.0	0.0	0.0	0.0	0.0	0.0	0.0	0.0	0.0	0.0	0.0	0.0	0.0	0.0	0.0	0.0	0.0	0.0	0.0	0.0	0.0	0.0	0.0	0.0	0.0	0.0	0.0	0.0	0.0	0.0	0.0	0.0	0.0	0.0	0.0	0.0	0.0	0.0	0.0	0.0	0.0	0.0	0.0	0.0	0.0	0.0	0.0	0.0	0.0	0.0	0.0	0.0	0.0	0.0	0.0	0.0	0.0	0.0	0.0	0.0	0.0	0.0	0.0	0.0	0.0	0.0	0.0	0.0	5.0	0.0	0.0	0.0	0.0	0.0	0.0
d__Bacteria;p__Actinobacteriota;c__Coriobacteriia;o__Coriobacteriales;f__Eggerthellaceae;g__Enterorhabdus	2.0	0.0	0.0	0.0	0.0	0.0	0.0	0.0	0.0	0.0	0.0	0.0	0.0	0.0	0.0	0.0	0.0	0.0	0.0	0.0	0.0	0.0	0.0	0.0	0.0	0.0	0.0	0.0	0.0	0.0	0.0	0.0	0.0	0.0	0.0	0.0	0.0	0.0	0.0	0.0	2.0	0.0	0.0	0.0	0.0	0.0	0.0	0.0	0.0	0.0	0.0	0.0	0.0	0.0	0.0	0.0	0.0	0.0	0.0	0.0	0.0	0.0	0.0	0.0	0.0	0.0	0.0	0.0	0.0	0.0	0.0	0.0	0.0	0.0	0.0	0.0
d__Bacteria;p__Firmicutes;c__Clostridia;o__Lachnospirales;f__Lachnospiraceae;g__GCA-900066575	0.0	0.0	0.0	0.0	0.0	0.0	0.0	0.0	0.0	0.0	0.0	0.0	0.0	0.0	0.0	0.0	0.0	0.0	0.0	0.0	0.0	0.0	0.0	0.0	0.0	0.0	0.0	0.0	0.0	0.0	0.0	0.0	0.0	0.0	0.0	0.0	0.0	4.0	0.0	0.0	0.0	0.0	0.0	0.0	0.0	0.0	0.0	0.0	0.0	0.0	0.0	0.0	0.0	0.0	0.0	0.0	0.0	0.0	0.0	0.0	0.0	0.0	0.0	0.0	0.0	0.0	0.0	0.0	0.0	0.0	0.0	0.0	0.0	0.0	0.0	0.0
d__Bacteria;p__Actinobacteriota;c__Coriobacteriia;o__Coriobacteriales;f__Eggerthellaceae;__	0.0	0.0	0.0	0.0	0.0	0.0	0.0	0.0	0.0	0.0	0.0	0.0	0.0	0.0	0.0	0.0	0.0	0.0	0.0	0.0	0.0	0.0	0.0	0.0	0.0	0.0	0.0	0.0	0.0	0.0	0.0	0.0	0.0	0.0	0.0	0.0	0.0	0.0	0.0	0.0	0.0	0.0	0.0	0.0	0.0	0.0	0.0	0.0	0.0	0.0	0.0	0.0	0.0	0.0	0.0	0.0	0.0	0.0	4.0	0.0	0.0	0.0	0.0	0.0	0.0	0.0	0.0	0.0	0.0	0.0	0.0	0.0	0.0	0.0	0.0	0.0
d__Bacteria;p__Firmicutes;c__Clostridia;o__Eubacteriales;f__Anaerofustaceae;g__Anaerofustis	0.0	0.0	0.0	0.0	0.0	0.0	0.0	0.0	0.0	0.0	0.0	0.0	0.0	0.0	0.0	0.0	0.0	0.0	0.0	0.0	0.0	0.0	0.0	0.0	0.0	0.0	0.0	0.0	0.0	0.0	0.0	0.0	0.0	0.0	0.0	0.0	0.0	0.0	0.0	0.0	0.0	0.0	0.0	0.0	0.0	0.0	0.0	0.0	0.0	0.0	0.0	0.0	0.0	0.0	0.0	0.0	0.0	0.0	2.0	0.0	0.0	0.0	0.0	0.0	0.0	0.0	0.0	0.0	0.0	2.0	0.0	0.0	0.0	0.0	0.0	0.0
d__Bacteria;p__Proteobacteria;c__Gammaproteobacteria;o__Aeromonadales;f__Succinivibrionaceae;__	0.0	0.0	0.0	0.0	0.0	0.0	0.0	0.0	0.0	0.0	0.0	0.0	0.0	0.0	0.0	0.0	0.0	0.0	0.0	0.0	0.0	0.0	0.0	0.0	0.0	0.0	0.0	0.0	0.0	0.0	0.0	0.0	0.0	0.0	0.0	0.0	0.0	0.0	0.0	0.0	0.0	0.0	0.0	0.0	0.0	0.0	0.0	0.0	0.0	0.0	0.0	0.0	0.0	0.0	0.0	0.0	0.0	0.0	4.0	0.0	0.0	0.0	0.0	0.0	0.0	0.0	0.0	0.0	0.0	0.0	0.0	0.0	0.0	0.0	0.0	0.0
d__Bacteria;p__Firmicutes;c__Negativicutes;o__Veillonellales-Selenomonadales;f__Veillonellaceae;g__Megasphaera	0.0	0.0	0.0	0.0	0.0	0.0	0.0	0.0	0.0	0.0	0.0	0.0	0.0	0.0	0.0	0.0	0.0	0.0	0.0	0.0	0.0	0.0	0.0	0.0	3.0	0.0	0.0	0.0	0.0	0.0	0.0	0.0	0.0	0.0	0.0	0.0	0.0	0.0	0.0	0.0	0.0	0.0	0.0	0.0	0.0	0.0	0.0	0.0	0.0	0.0	0.0	0.0	0.0	0.0	0.0	0.0	0.0	0.0	0.0	0.0	0.0	0.0	0.0	0.0	0.0	0.0	0.0	0.0	0.0	0.0	0.0	0.0	0.0	0.0	0.0	0.0
d__Bacteria;p__Firmicutes;c__Clostridia;o__Lachnospirales;f__Lachnospiraceae;g__Moryella	0.0	0.0	0.0	0.0	0.0	0.0	0.0	0.0	0.0	0.0	0.0	0.0	0.0	0.0	0.0	0.0	0.0	0.0	0.0	0.0	0.0	0.0	0.0	0.0	0.0	0.0	0.0	0.0	0.0	0.0	0.0	0.0	0.0	0.0	0.0	0.0	0.0	0.0	0.0	0.0	0.0	0.0	3.0	0.0	0.0	0.0	0.0	0.0	0.0	0.0	0.0	0.0	0.0	0.0	0.0	0.0	0.0	0.0	0.0	0.0	0.0	0.0	0.0	0.0	0.0	0.0	0.0	0.0	0.0	0.0	0.0	0.0	0.0	0.0	0.0	0.0
Unassigned;__;__;__;__;__	0.0	0.0	0.0	0.0	0.0	0.0	0.0	0.0	0.0	0.0	0.0	0.0	0.0	0.0	0.0	0.0	0.0	0.0	0.0	0.0	0.0	0.0	0.0	0.0	0.0	0.0	0.0	0.0	0.0	0.0	0.0	0.0	0.0	0.0	0.0	0.0	0.0	0.0	0.0	0.0	0.0	0.0	0.0	0.0	0.0	0.0	0.0	0.0	0.0	0.0	0.0	0.0	0.0	0.0	0.0	0.0	0.0	0.0	0.0	0.0	0.0	0.0	0.0	0.0	0.0	0.0	0.0	0.0	3.0	0.0	0.0	0.0	0.0	0.0	0.0	0.0
d__Bacteria;p__Firmicutes;c__Clostridia;o__Peptostreptococcales-Tissierellales;f__Peptostreptococcales-Tissierellales;g__Peptoniphilus	0.0	0.0	0.0	0.0	0.0	0.0	0.0	2.0	0.0	0.0	0.0	0.0	0.0	0.0	0.0	0.0	0.0	0.0	0.0	0.0	0.0	0.0	0.0	0.0	0.0	0.0	0.0	0.0	0.0	0.0	0.0	0.0	0.0	0.0	0.0	0.0	0.0	0.0	0.0	0.0	0.0	0.0	0.0	0.0	0.0	0.0	0.0	0.0	0.0	0.0	0.0	0.0	0.0	0.0	0.0	0.0	0.0	0.0	0.0	0.0	0.0	0.0	0.0	0.0	0.0	0.0	0.0	0.0	0.0	0.0	0.0	0.0	0.0	0.0	0.0	0.0
d__Bacteria;p__Firmicutes;c__Bacilli;o__Staphylococcales;f__Gemellaceae;g__Gemella	0.0	0.0	0.0	0.0	0.0	0.0	0.0	0.0	0.0	0.0	0.0	0.0	0.0	0.0	0.0	0.0	0.0	0.0	0.0	0.0	2.0	0.0	0.0	0.0	0.0	0.0	0.0	0.0	0.0	0.0	0.0	0.0	0.0	0.0	0.0	0.0	0.0	0.0	0.0	0.0	0.0	0.0	0.0	0.0	0.0	0.0	0.0	0.0	0.0	0.0	0.0	0.0	0.0	0.0	0.0	0.0	0.0	0.0	0.0	0.0	0.0	0.0	0.0	0.0	0.0	0.0	0.0	0.0	0.0	0.0	0.0	0.0	0.0	0.0	0.0	0.0
d__Bacteria;p__Firmicutes;c__Clostridia;o__Oscillospirales;f__Ruminococcaceae;g__Anaerofilum	0.0	0.0	0.0	0.0	0.0	0.0	0.0	0.0	0.0	0.0	0.0	0.0	0.0	0.0	0.0	0.0	0.0	0.0	0.0	0.0	0.0	0.0	0.0	0.0	0.0	0.0	0.0	0.0	0.0	0.0	0.0	0.0	0.0	0.0	0.0	0.0	0.0	0.0	0.0	0.0	0.0	0.0	0.0	0.0	0.0	0.0	0.0	0.0	0.0	0.0	0.0	0.0	0.0	0.0	0.0	0.0	0.0	2.0	0.0	0.0	0.0	0.0	0.0	0.0	0.0	0.0	0.0	0.0	0.0	0.0	0.0	0.0	0.0	0.0	0.0	0.0
d__Bacteria;p__Bacteroidota;c__Bacteroidia;o__Flavobacteriales;f__Flavobacteriaceae;g__uncultured	0.0	0.0	0.0	0.0	0.0	0.0	0.0	0.0	0.0	0.0	0.0	0.0	0.0	0.0	0.0	0.0	0.0	0.0	0.0	0.0	0.0	0.0	0.0	0.0	0.0	0.0	0.0	0.0	0.0	0.0	0.0	0.0	0.0	0.0	0.0	0.0	0.0	0.0	0.0	0.0	0.0	0.0	0.0	0.0	0.0	0.0	0.0	0.0	0.0	0.0	0.0	0.0	0.0	0.0	0.0	0.0	0.0	0.0	0.0	0.0	0.0	2.0	0.0	0.0	0.0	0.0	0.0	0.0	0.0	0.0	0.0	0.0	0.0	0.0	0.0	0.0
d__Bacteria;p__Firmicutes;c__Clostridia;o__Christensenellales;f__Christensenellaceae;g__Catabacter	0.0	0.0	0.0	0.0	0.0	0.0	0.0	0.0	0.0	0.0	0.0	0.0	0.0	0.0	0.0	0.0	0.0	0.0	0.0	0.0	0.0	0.0	0.0	0.0	0.0	0.0	0.0	0.0	0.0	0.0	0.0	0.0	0.0	0.0	0.0	0.0	0.0	0.0	0.0	0.0	0.0	0.0	0.0	0.0	0.0	0.0	0.0	0.0	0.0	0.0	0.0	0.0	0.0	0.0	0.0	0.0	0.0	0.0	0.0	0.0	0.0	0.0	0.0	0.0	0.0	0.0	0.0	0.0	0.0	0.0	0.0	0.0	0.0	2.0	0.0	0.0